Filename,y_true,y_pred,p0,p1,p2,p3,p4,p5,p6,p7,p8
20171219-113902-3.jpg,8,8,0.031435616,0.0054961713,0.005479706,0.020444525,0.0053569153,0.00069043977,0.0013165988,0.023922186,0.90585786
20180112-101728-2.jpg,8,8,0.007360077,0.00019199376,6.0195438e-05,0.00010844018,0.00021100714,0.00035878568,7.6219811e-05,0.00098057219,0.9906528
20171205-144809-2.jpg,8,8,0.0027790493,0.090592429,2.3432511e-05,0.018582238,0.00031002489,0.026314283,0.0034158791,0.0020903035,0.85589236
20180109-080322-1.jpg,8,8,0.00038900302,0.00057677797,0.00012628899,0.00053070812,0.0012564538,0.0072104572,0.074162424,0.00049772841,0.91525024
20170727-111748-3.jpg,4,4,0.00073595374,1.7239961e-05,0.33606201,0.0017565888,0.62157905,0.00030257899,0.00036461672,0.0011426609,0.038039338
20170715-102734-1.jpg,1,1,0.18836679,0.49591604,0.00017163006,0.00061226968,0.00010355558,0.00099682272,0.11746148,0.073679991,0.1226914
20171113-143535-2.jpg,6,6,0.019341996,0.17782681,0.0013977921,0.0015845096,0.00071875571,0.0016638935,0.63161778,0.0081784194,0.15766999
20170705-164308-0.jpg,7,8,0.020745365,0.00069888949,0.0018979432,0.0052245758,0.22715333,0.00027484019,0.00026380733,0.053187277,0.69055396
20180105-095654-3.jpg,8,8,0.0004826698,4.9387592e-05,9.6073825e-05,0.00011114594,0.00043332559,2.6436886e-05,0.0012824695,0.00066538999,0.99685329
20180109-095735-1.jpg,8,8,0.0004540974,0.00022632245,0.00029459881,0.00052155927,0.002869044,6.0398968e-05,0.00027123463,0.0010501361,0.99425262
20170811-155004-2.jpg,0,0,0.36902824,0.16341479,0.00049099181,0.0024907885,0.0038862696,0.01962778,0.00070702052,0.1591641,0.28118995
20170304-132255-0.jpg,7,7,0.1817212,0.00022430444,8.3707528e-06,0.00021233133,2.7874368e-05,0.00012056017,5.4096872e-05,0.78901541,0.02861584
20180125-094113-2.jpg,8,8,0.00012429763,3.9527631e-06,0.0050787674,9.9469398e-05,0.022877511,0.00018521847,0.0041748523,6.5292566e-05,0.96739054
20171219-093415-2.jpg,8,8,0.0024292094,0.0020958388,0.00017455174,0.014371222,0.0010903473,0.0013901873,0.00091467908,0.001619429,0.97591454
20171113-092918-1.jpg,5,5,0.015386122,0.0064689284,4.1365241e-05,0.0012502449,8.9787885e-05,0.82460827,0.048955124,0.0047012996,0.098498821
20170715-154735-1.jpg,1,1,0.00013919495,0.9996736,1.8137301e-07,1.270836e-06,1.5177206e-07,2.68644e-06,0.00012554796,3.2209329e-05,2.5012723e-05
20170718-132909-2.jpg,7,7,0.37513256,0.016935633,0.00014646931,0.015535191,0.0017471174,9.6406569e-05,0.00013405179,0.47241729,0.11785523
20180112-102945-2.jpg,8,8,5.4766224e-05,0.00035581421,1.1565247e-05,8.4736916e-05,5.105494e-05,4.0051778e-05,0.0023996055,5.6965895e-05,0.99694544
20170811-133329-2.jpg,0,0,0.99546623,0.00056741101,6.9377029e-06,2.0488339e-06,7.0545134e-06,0.00047450536,6.2761108e-05,0.0012418787,0.0021712375
20171205-143421-2.jpg,8,8,0.0037659227,0.0012750084,0.00026424517,0.0013357284,0.00016135124,0.28466558,0.00034715631,0.0019630941,0.70622176
20180125-095732-2.jpg,8,8,7.8374047e-05,8.8866482e-06,3.3379023e-05,0.00010951034,0.00013884496,0.00019090764,0.0012849163,5.8802263e-05,0.99809629
20171219-094001-2.jpg,8,8,0.0093679298,0.018826274,0.0092890989,0.017604806,0.023773585,0.0023219537,0.0082708476,0.0052621514,0.90528321
20170714-134040-1.jpg,1,1,7.9542959e-05,0.99956185,2.2817609e-08,3.5857847e-05,8.8986361e-08,4.3038318e-07,2.2496586e-05,0.00010052459,0.00019905691
20170714-122402-3.jpg,1,1,0.00017424513,0.99946219,1.4004118e-07,9.6499127e-07,9.357597e-08,9.8339353e-07,7.3686431e-05,8.9171983e-05,0.00019864454
20180119-105326-1.jpg,8,8,3.9264251e-05,9.6809577e-05,4.0766554e-06,8.2837527e-05,1.6172287e-05,0.00048129386,0.0026676324,6.5177053e-05,0.9965468
20171121-084334-1.jpg,6,6,0.00092791906,0.00123197,5.9853704e-05,0.00023123343,0.0026227406,3.9620689e-05,0.9566676,0.0093976408,0.028821426
20180125-134446-3.jpg,8,8,0.0042182612,0.0011410434,0.0021925475,0.00067785929,0.01571751,8.314693e-05,0.0038954802,0.0098678106,0.96220618
20180322-130127-1.jpg,8,8,0.0044121617,0.0047301487,0.0011047979,0.0025398177,0.014108733,0.00068280793,0.0010540548,0.003631985,0.96773535
20170729-093519-2.jpg,4,4,0.00046081166,1.2268543e-05,0.0077223815,0.0012972396,0.89037371,5.6365374e-05,7.6983502e-05,0.00027068774,0.099729583
20180119-110410-2.jpg,8,8,0.0028067615,0.0053973375,0.004731501,0.0016932291,0.044404369,3.1393047e-05,0.0019226915,0.010176592,0.92883605
20170714-114700-3.jpg,1,1,0.00084245851,0.9783951,1.0141702e-06,0.0026366855,1.736181e-05,9.4909818e-05,0.0021901594,0.0015199422,0.014302194
20180112-080950-1.jpg,8,8,0.0020741243,7.1443181e-05,6.754035e-05,0.0003613896,0.0017442849,1.6738124e-06,2.5267729e-05,0.0078521995,0.98780197
20170707-111548-0.jpg,7,7,0.036663648,0.13930793,0.0018863066,0.0015752643,0.0032981362,0.015140906,0.00030571051,0.76585889,0.035963167
20171205-123507-2.jpg,8,8,0.0046286648,0.019288504,2.4366193e-05,0.0023881809,0.00013946625,0.047841404,0.00086594629,0.012759608,0.91206384
20171113-060610-1.jpg,5,8,0.0001135502,0.00051654893,3.1367977e-06,0.0021594001,2.9235536e-05,0.12357501,0.0009345701,0.00014629163,0.87252235
20180109-080707-2.jpg,8,8,0.00072605419,0.00063888595,0.048286762,0.00021479075,0.002139847,0.00057366479,0.016498769,0.00034176806,0.93057954
20171113-092826-3.jpg,5,8,0.0026888717,0.00078429742,2.8634668e-05,0.00024363201,3.7538255e-05,0.14826889,0.1063,0.0062920204,0.73535609
20171109-070949-3.jpg,5,8,0.0037678448,5.4814991e-05,6.977389e-08,1.7065147e-05,7.4986616e-07,0.39259177,0.0033793703,0.0005938909,0.59959441
20180109-102721-2.jpg,8,8,0.0021499963,0.017397227,0.13621897,0.0023205318,0.011686893,0.0019139579,0.019204652,0.0068233698,0.80228448
20170706-110116-0.jpg,7,7,0.051724553,0.025228603,4.9268921e-05,0.0010105831,0.00020602933,0.0011384831,0.122239,0.77980375,0.018599745
20171122-102759-1.jpg,5,8,0.004302897,0.00023238447,9.303244e-06,0.00032951601,3.7430698e-05,0.25310391,0.0029458925,0.00035647562,0.73868227
20170727-115706-3.jpg,4,4,0.00017510557,6.2482418e-06,0.25131747,0.0024053471,0.65989155,0.0013981091,0.0012579005,6.5002147e-05,0.083483227
20170126-100130-0.jpg,1,1,0.00089091528,0.98576552,8.6945838e-06,0.00029881622,8.2490296e-06,7.4137271e-05,0.0072194464,0.0012778578,0.0044563459
20170913-100453-2.jpg,3,8,0.0029701695,0.0014001162,0.010201591,0.32677016,0.083199397,0.014060313,0.010007969,0.0020832804,0.54930699
20171025-082301-2.jpg,3,3,0.0022088971,1.0174577e-05,3.9041362e-05,0.98661733,0.0069550052,7.18558e-07,1.9459769e-06,0.0010718263,0.0030950443
20170127-101745-0.jpg,1,1,0.00045972792,0.97329098,4.8051506e-06,0.00039177338,3.3324227e-06,6.6239307e-05,0.0013859074,0.00026020422,0.024136996
20170729-093119-1.jpg,4,4,0.0020356099,0.0001136815,0.0069396216,0.009008511,0.88526899,0.00018300074,0.00079017581,0.01169409,0.083966233
20170410-153511-0.jpg,0,8,0.066079281,0.027653465,0.0022368033,0.039057586,0.014446916,0.073397726,0.00018406558,0.16899218,0.607952
20180112-075622-2.jpg,8,8,0.070441529,0.01307686,0.0027442728,0.042919688,0.052470557,0.00032552637,0.00028196099,0.22866985,0.58906978
20171218-104106-3.jpg,8,8,0.026029207,0.0077246898,1.3196091e-05,0.00059572043,1.626325e-05,0.0041615679,0.00099301839,0.04292747,0.91753882
20170906-110733-2.jpg,3,4,0.0033985551,0.0012075226,0.0048029847,0.0078806365,0.81847131,3.1449006e-05,0.0022136639,0.045413792,0.11658022
20180322-114522-1.jpg,8,8,0.00093864067,0.00065018237,5.3920132e-05,0.0012395553,0.0011133082,3.961983e-05,2.1616659e-05,0.0012002168,0.99474299
20170714-150245-1.jpg,1,1,0.0021619773,0.98840147,1.1103905e-05,0.0010614303,0.00016764247,4.6612342e-05,0.00012715263,0.0044307411,0.0035918397
20180109-101349-2.jpg,8,8,3.2839296e-05,0.0018405241,1.5121115e-07,0.00012943754,4.959506e-06,4.1191674e-05,0.00023595121,2.5723752e-05,0.99768937
20171025-092922-2.jpg,3,3,0.00031838333,6.7199508e-06,1.1782515e-05,0.99808228,0.00032082014,2.8669174e-07,6.0752865e-07,9.8616161e-05,0.0011606545
20180109-080525-2.jpg,8,8,1.4055157e-05,6.9614347e-05,3.559872e-07,7.7350896e-06,3.4000539e-06,2.01645e-05,0.004890989,5.6372214e-06,0.99498808
20171218-111840-2.jpg,8,8,0.028903486,0.0020200121,0.024468673,0.073408104,0.043644398,0.0032857854,0.0023982725,0.017323717,0.80454749
20170711-114614-0.jpg,7,7,0.22813027,0.007290435,0.010372606,0.05982808,0.075469106,0.026519656,0.0003010426,0.31566164,0.27642709
20180109-094529-2.jpg,8,0,0.66350901,1.4191425e-05,9.6263982e-05,2.7579674e-05,0.00012476627,0.0028411585,0.00016719218,0.0025483361,0.33067155
20170913-121334-3.jpg,3,3,0.0065699047,0.0036437619,0.0020356295,0.8392818,0.028214779,0.0038140127,0.00048776405,0.002484845,0.11346757
20170811-104216-2.jpg,0,0,0.67237914,0.0044191387,0.00013400514,0.0015033333,0.00066429569,0.0080668796,0.00017667637,0.11847796,0.19417863
20171219-102358-3.jpg,8,8,0.01356405,0.037786443,0.00049743551,0.029596359,0.0099014184,0.0048116986,0.002207861,0.012179584,0.88945502
20171025-080908-1.jpg,3,3,0.040298034,0.00088310288,7.7573437e-05,0.63523412,0.023052333,0.00011753635,7.8561396e-05,0.024158947,0.2760998
20180109-101307-2.jpg,8,8,0.00072713493,0.011511263,0.00099107123,0.0031883861,0.0055951034,0.00022344562,0.0079091117,0.0011046333,0.96874994
20180109-091303-2.jpg,8,8,0.0019043376,0.075910732,0.00023877053,0.009444261,0.00045652915,0.0034226531,0.0099465009,0.0065645124,0.89211154
20180112-102353-1.jpg,8,8,0.0035467288,0.028139735,8.3594452e-05,0.0010173057,0.00019118089,0.00094904559,0.36418614,0.0033298833,0.59855646
20180322-105259-1.jpg,8,8,0.00072428223,0.00012362449,1.2019401e-05,0.00051904452,0.0024935615,0.0003337957,1.7965057e-06,0.0013946779,0.99439728
20180125-135144-3.jpg,8,8,0.0013089435,0.0057386467,0.00025105278,0.0023179417,0.0057902667,0.00060009497,0.0015375431,0.0040548793,0.97840047
20180105-095929-2.jpg,8,8,7.3115327e-05,7.9945625e-05,0.017642502,0.00014158293,0.00089685392,0.00011324754,0.004674702,2.1497997e-05,0.97635651
20170920-162202-3.jpg,2,2,0.00031855947,2.7261207e-05,0.94196099,0.0017108441,0.045731369,0.0001432923,0.00040145183,0.00054038718,0.0091659818
20180322-111858-2.jpg,8,8,8.8806926e-05,0.00022104474,0.00012652729,0.00017248145,0.00017685554,4.9097802e-05,0.00032789027,0.00013970025,0.99869752
20170129-102218-0.jpg,8,8,0.037168097,0.058098469,0.00089162064,0.017422549,0.00066668901,0.0050564501,0.0016774342,0.060174771,0.8188439
20180112-071131-2.jpg,8,8,0.004707295,0.00064884784,5.9557209e-05,0.010941679,0.016821794,3.8805061e-05,0.00035154025,0.0049528414,0.96147758
20180125-094825-1.jpg,8,8,1.0426957e-06,1.1420025e-06,3.1788188e-06,6.5223944e-06,5.5945802e-06,4.9118294e-06,8.9654663e-05,8.6432533e-07,0.99988699
20170920-140215-2.jpg,2,2,0.00086108153,4.9156515e-05,0.95781219,0.0053590424,0.022703612,3.7634658e-05,0.00025481658,0.0013104749,0.011612003
20171217-100549-2.jpg,8,8,0.0018243237,0.00035983513,0.0087014269,0.0075436723,0.079164147,7.1449067e-05,0.00025230934,0.0023327447,0.89975005
20171219-113753-2.jpg,8,2,0.00070911291,0.00011776335,0.71863353,0.0063607045,0.080798388,0.036676984,0.0065612285,0.00046648944,0.14967595
20180109-080501-2.jpg,8,8,0.0014539771,0.0021987066,0.02086607,0.0008297895,0.0029013809,0.00019495313,0.33469564,0.0013689189,0.63549072
20180109-105226-2.jpg,8,8,0.0023613391,0.0010279218,0.00039296169,0.0082624862,0.021230165,1.2673893e-05,0.00052576867,0.0065022064,0.95968449
20170129-103957-0.jpg,8,8,0.084373519,0.043144353,0.00074293342,0.057507195,0.062990539,0.0026407163,0.0021329811,0.20073907,0.54572874
20180112-083518-1.jpg,8,8,0.0082888948,0.00062954781,0.00046112057,0.013019516,0.042403333,3.4500896e-05,7.0985807e-05,0.020518221,0.91457397
20180109-100224-2.jpg,8,8,0.00072598475,0.0050294809,0.00010440037,0.00026007058,0.00047340264,0.0060761678,0.038345747,0.0006487107,0.94833618
20170728-150022-1.jpg,4,4,0.0017773282,2.8988306e-05,0.027415084,0.0025780888,0.9012655,0.00011610637,8.4026964e-05,0.0017155148,0.06501931
20180105-093005-3.jpg,8,8,0.00013151082,0.0034046625,8.7692366e-05,9.1446287e-05,0.00011772927,2.5584974e-05,0.13767385,0.0001879076,0.85827965
20171220-084225-2.jpg,8,8,0.0037472825,0.011640173,2.9638297e-06,0.0020928588,8.0917023e-05,0.0015636187,0.048733421,0.0053189858,0.92681992
20170610-122438-0.jpg,1,1,0.074314944,0.66926825,0.00027095398,0.00097290869,0.00022695331,0.019700183,0.0097283637,0.1704662,0.055051345
20171108-125806-3.jpg,5,5,0.0095725674,8.653877e-05,6.3238258e-06,0.00018012059,2.4781291e-05,0.92181218,0.0005108206,0.0047665145,0.063040115
20171205-142945-2.jpg,8,8,0.0071526491,0.063271999,0.00011217659,0.023710402,0.0010213036,0.048279811,0.0026510702,0.0017168035,0.85208368
20180109-104711-1.jpg,8,8,0.18711004,0.0011153979,0.0063524283,0.02421394,0.070763148,0.0003402039,0.00018417813,0.081199355,0.62872136
20171219-102609-3.jpg,8,8,0.0077053127,0.0079925293,0.0017029999,0.0050482526,0.0032930237,0.0031324129,0.0085990867,0.013176473,0.94935006
20170304-132134-0.jpg,7,8,0.15112887,0.07360322,0.00011422797,0.001601907,0.00070741592,0.014723754,0.00012273154,0.34522504,0.41277277
20171109-091146-3.jpg,5,8,0.00012401577,0.00015732643,3.2154942e-06,0.00021341084,1.2565971e-05,0.32906896,0.00055882218,0.00030801477,0.6695537
20170728-154142-1.jpg,4,4,0.00015994909,4.8815523e-06,0.00017077212,0.00079552678,0.98817432,5.5970422e-06,2.9235998e-06,0.00024008044,0.010445874
20171220-090745-3.jpg,8,8,0.018178103,0.008122365,0.00081864087,0.0027566347,0.0069806473,0.0004079378,0.00097297539,0.033545252,0.92821741
20180112-093656-2.jpg,8,8,0.0029293657,8.8993322e-05,8.2736424e-06,9.8050463e-05,9.2057326e-06,0.0009814041,0.00054962258,0.00042911022,0.99490595
20180112-103015-1.jpg,8,8,0.0060717519,0.0061940667,3.3283257e-05,0.0016371132,0.00049467047,0.00046261898,4.2370822e-05,0.0005888677,0.98447508
20180105-095642-2.jpg,8,8,2.2593937e-05,1.1978945e-05,0.00015247017,5.0537816e-05,0.00025111125,4.7549154e-05,0.006643632,1.2188386e-05,0.99280787
20170727-130526-1.jpg,4,4,0.00028306726,7.4828986e-06,0.0063163526,0.00098197581,0.9678297,7.9539699e-05,0.00010989058,0.00017218219,0.024219897
20170729-085730-2.jpg,4,4,0.0016370416,7.1457223e-05,0.014098978,0.0084421923,0.92300457,0.00015757476,0.00026760233,0.0014085349,0.050912071
20171203-170822-3.jpg,8,8,0.0002307383,7.0573733e-06,1.5137693e-05,2.1147411e-05,0.00010629191,1.1580953e-05,2.3600101e-05,0.00012500776,0.99945956
20171113-123916-3.jpg,6,6,5.5846216e-05,0.0010527956,9.0004023e-06,0.00014152512,4.0029205e-05,0.00016906578,0.99013358,0.00097620493,0.0074218172
20180109-071353-2.jpg,8,6,0.00023044666,0.0064888713,0.00034725352,1.5151781e-05,1.9411033e-05,0.00012148719,0.63960797,0.0004179852,0.35275143
20170217-113329-0.jpg,0,8,0.4497267,0.00082427642,1.6031743e-05,3.3625278e-05,2.8122717e-05,0.0012197203,0.0026777135,0.001294896,0.54417896
20170210-142040-0.jpg,7,7,0.010616189,0.0056462996,2.0822607e-05,0.00040618767,9.6901549e-06,0.0025419618,0.00091742794,0.93529034,0.044551048
20170217-115708-0.jpg,0,8,0.33079535,0.029129395,0.0015393902,0.08964587,0.0046621254,0.0017887083,0.00074543653,0.08570119,0.45599252
20180109-103135-1.jpg,8,8,0.043708503,0.004979915,0.00091549719,0.0061202259,0.013008724,0.00037503461,0.0001925843,0.060847387,0.86985213
20180112-080825-1.jpg,8,8,0.010878594,0.020165289,0.00018397954,0.0011239845,0.00062872982,0.00080033304,0.00033540057,0.048129629,0.91775405
20180112-091819-2.jpg,8,8,1.6804177e-05,4.2363395e-06,2.379098e-07,8.1863553e-05,1.4391443e-06,1.3153967e-06,1.4410755e-06,3.1817503e-06,0.99988937
20171212-094638-3.jpg,8,8,4.3562351e-05,8.8639004e-05,2.804156e-08,6.492393e-05,2.4691381e-06,1.0143935e-05,8.3059758e-06,0.00015211324,0.99962974
20180125-092209-2.jpg,8,8,1.048986e-05,3.1801672e-05,4.6300452e-06,0.00033264284,0.00054733671,2.7860901e-07,2.4866299e-06,4.2830983e-05,0.99902749
20171102-120350-1.jpg,2,2,0.011014127,0.0025564933,0.91810179,0.006401326,0.016973289,0.0025942137,0.0010186266,0.0067324541,0.034607708
20180109-110049-1.jpg,8,8,0.03649921,0.0052158856,0.0010126432,0.0058636474,0.0042717732,0.00036039134,4.5406763e-05,0.047823481,0.89890748
20171220-084017-2.jpg,8,8,0.0014574437,0.00049517298,2.1580796e-05,0.00073035341,3.2643446e-05,0.0021680184,0.00078334304,0.003873691,0.99043769
20180109-091734-1.jpg,8,8,0.01479084,0.0078228377,0.00028412882,0.0016416092,0.0016757776,0.0027439774,0.1417515,0.072539158,0.75675011
20170404-154343-0.jpg,7,7,0.00060335605,7.4572978e-05,1.8528256e-06,1.5310015e-05,1.1729894e-06,0.00039818897,0.0018767501,0.99236214,0.0046666493
20180119-105106-2.jpg,8,8,0.00095724053,0.00094170764,0.0033521405,0.0011160314,0.011462724,8.1523576e-05,0.0093124695,0.0013245682,0.97145158
20171025-092008-2.jpg,3,3,0.0041515869,0.00019177755,3.6672875e-05,0.9172886,0.00072513724,5.1411444e-06,1.0431603e-05,0.0017622036,0.075828582
20170630-154144-0.jpg,8,8,0.014776131,0.021802133,7.5245662e-05,0.00028652008,0.0002360271,0.0022414064,0.025512896,0.0021200234,0.9329496
20171219-094908-3.jpg,8,8,0.0041998345,0.0011602397,2.5154526e-05,0.00023986863,0.000182417,0.0015952438,0.0011132912,0.00081705226,0.99066681
20180322-104556-1.jpg,8,8,0.0026923607,0.0016914523,0.00040664716,0.0012533548,0.0058600013,0.0041389121,0.00013565153,0.0015533974,0.98226821
20171113-100350-3.jpg,5,5,2.279651e-06,1.4878345e-06,1.1188643e-08,3.0255512e-07,1.861612e-08,0.99989724,5.816956e-05,4.7023835e-07,4.0034753e-05
20180125-100053-1.jpg,8,8,0.00020860296,2.816798e-05,1.3060334e-05,0.00042336536,0.00062505412,9.3510891e-05,0.0018619143,0.00019766034,0.99654871
20180109-071727-2.jpg,8,8,3.763675e-05,4.3789241e-05,1.361516e-05,2.6934053e-06,1.1806459e-05,1.908694e-06,0.000892126,7.9070778e-06,0.99898857
20171025-095141-3.jpg,3,3,0.011947173,0.00021997749,0.015797401,0.93164593,0.01888375,1.4156828e-05,6.0368344e-05,0.0042932061,0.017138029
20170217-111616-0.jpg,0,0,0.9036392,0.00028639453,3.5827267e-07,2.3542121e-05,3.2357826e-07,0.0022632608,5.1509487e-06,0.066599585,0.027182192
20180125-101105-1.jpg,8,8,1.2616389e-05,2.1631286e-06,2.1780172e-05,4.1976027e-06,3.8742837e-05,2.334061e-05,0.00093623373,1.9885908e-06,0.99895895
20171219-114710-2.jpg,8,8,0.016495265,0.01337591,0.072987288,0.027213542,0.069139078,0.0032164389,0.0046739434,0.011394694,0.7815038
20180109-103842-1.jpg,8,8,0.0020205432,0.00088411948,0.0011153425,0.0034871146,0.0011738713,0.0016214771,0.0043733646,0.0027760144,0.98254806
20171219-102731-3.jpg,8,8,0.002019908,0.01246209,4.775765e-05,0.012489336,0.0037655572,0.00081209146,0.00078029279,0.0046529784,0.96297002
20170718-132824-2.jpg,7,7,0.093478963,0.10196421,0.0049558622,0.0055643041,0.0039668493,0.0011500509,0.012764186,0.62259102,0.15356454
20171220-092741-2.jpg,8,8,0.0014768678,0.00078691047,4.9405411e-05,0.0025676708,0.00031076733,0.037598617,0.00024266788,0.0019342679,0.95503283
20171219-101145-2.jpg,8,4,0.013853085,0.00064808055,0.0016142626,0.03610165,0.46201089,0.026121235,0.00062962313,0.0024827241,0.45653844
20171220-084427-3.jpg,8,8,0.0010170614,0.00021048724,9.287827e-07,0.00013178791,2.0477211e-05,0.0054347301,9.2118371e-06,0.00032710683,0.99284828
20180125-094923-2.jpg,8,8,6.1588828e-05,1.8280014e-05,0.0001157164,0.00025704849,0.00091612269,0.00062380073,0.0047397618,6.2242289e-05,0.99320543
20180125-134014-3.jpg,8,8,0.0012368163,0.0003977101,0.0019585511,0.00039876896,0.021105519,7.1535127e-05,0.0062058559,0.0031875453,0.96543759
20170729-090610-2.jpg,4,4,0.00032468399,7.0775682e-06,0.00863411,0.001676715,0.97045362,2.9607436e-05,5.3578762e-05,0.00020369036,0.018616842
20180125-131611-2.jpg,8,8,0.0011751601,0.0033915187,0.0018664066,0.0014559951,0.0020879882,0.00044280995,0.0068183392,0.0045756022,0.97818607
20170727-150343-3.jpg,4,4,0.00029119512,1.3830316e-05,0.00038614558,0.0016039753,0.9754951,5.5272767e-06,1.3157018e-05,0.0016313806,0.020559598
20170913-121031-3.jpg,3,3,0.001294327,0.00040458309,0.00010929641,0.67684013,0.29400992,0.00011531238,3.7691803e-05,0.0028671788,0.024321649
20171102-095824-1.jpg,4,2,0.034887958,0.0035068358,0.34601474,0.1645202,0.19598058,0.00062396651,0.0047414145,0.040839504,0.20888478
20171113-153310-0.jpg,6,6,0.00082782604,0.012598481,0.00013236857,0.00029297316,0.00012691396,0.0061017484,0.85059464,0.0029033544,0.1264217
20171218-104940-3.jpg,8,8,3.4663641e-05,0.00034189806,1.79685e-07,0.00010135617,1.1865563e-05,5.5401375e-05,1.8086317e-05,3.5955221e-05,0.99940038
20171109-195110-1.jpg,5,5,0.00017581665,0.00015231399,6.6868353e-07,6.2226005e-05,6.931175e-07,0.98174804,0.0001008355,9.0049369e-05,0.01766941
20180119-115347-1.jpg,8,8,0.0019896568,0.0002250481,0.055143759,0.0012538577,0.0063588312,0.00023205309,0.0075229779,0.0033875622,0.92388636
20180322-115128-1.jpg,8,8,0.0019550303,0.0011680004,0.00011481302,0.00089791958,0.0003447659,0.0026660101,5.8988004e-05,0.00092205906,0.99187249
20170126-100311-0.jpg,1,1,0.0010913413,0.93846655,1.1643277e-05,3.5446195e-05,1.8082291e-06,0.00068661995,0.0006210162,0.056563329,0.0025222965
20180112-100705-1.jpg,8,8,0.0009498453,0.00035921577,5.8363163e-05,0.00030985902,0.00041567316,3.0417881e-05,0.01455851,0.0014570073,0.98186111
20171212-101621-3.jpg,8,1,0.034284942,0.62490314,0.00053708401,0.0078260861,0.00063670485,0.00041754812,0.00044067224,0.089666754,0.24128705
20170920-131020-2.jpg,2,4,0.002290163,0.00057960383,0.38922286,0.056439754,0.47448692,0.024419323,0.0022249741,0.00090396957,0.049432345
20170718-100650-2.jpg,0,1,0.01240907,0.44597545,8.8208275e-05,0.0097537711,0.0008591676,0.29573637,0.010331715,0.045320153,0.17952611
20171218-112523-3.jpg,8,8,5.505107e-05,0.0008193489,1.5743955e-06,0.00081787806,1.4107239e-05,0.0010598466,0.00013820858,3.3855129e-05,0.99706012
20180109-110057-2.jpg,8,8,0.004007353,0.0028382991,0.18653063,0.003337143,0.11024444,0.0018423251,0.019308019,0.0065428312,0.66534895
20170630-150516-0.jpg,7,1,0.090602107,0.4410136,0.0014268856,0.025843944,0.0030696034,0.0014933816,0.043028452,0.36874256,0.024779493
20171025-081930-1.jpg,3,3,0.017434675,0.0018315451,0.0010403653,0.40203926,0.34485957,3.298913e-05,0.00023944939,0.033880647,0.19864148
20171220-091645-3.jpg,8,8,0.0090713296,0.0033621509,0.00093502516,0.015094996,0.0054100733,0.018155832,0.0010062985,0.011799548,0.93516481
20170727-130226-3.jpg,4,4,0.0013198869,4.3225202e-05,0.00049654517,0.0071731242,0.73739994,0.010590307,0.00032708957,0.00040396064,0.24224584
20171220-092523-3.jpg,8,8,0.00089480577,0.0019585935,1.9256298e-05,0.0033720378,0.0001073558,0.018137682,0.0002473552,0.00084776536,0.9744153
20170728-122348-3.jpg,4,4,9.4547409e-05,3.7432826e-06,1.4489057e-05,0.0005541803,0.89598286,1.0330746e-05,6.3150342e-06,0.0002129706,0.1031206
20170913-100131-2.jpg,3,3,0.0025085979,0.0016579333,0.00050545117,0.68121219,0.16269813,0.00056971464,0.002057052,0.0016974751,0.14709346
20180125-131845-2.jpg,8,8,0.002066944,0.0064016222,0.00011173575,0.0039326129,0.00055147865,0.0047766892,0.029774031,0.0041303313,0.9482547
20171109-071248-3.jpg,5,5,0.00024194829,0.00011456764,3.7812944e-07,1.9882802e-05,1.6314603e-06,0.99520832,0.0008855905,0.00013557282,0.0033920598
20170913-123129-3.jpg,3,3,0.016289864,0.005251071,0.00014440913,0.81621057,0.0043614791,0.0010014077,0.00013074887,0.001537813,0.15507267
20171212-100725-3.jpg,8,8,0.0018299479,0.0024099627,8.3513323e-06,0.0099186497,0.00072552549,0.00036933419,0.0012409874,0.023013787,0.96048343
20170217-103728-0.jpg,0,0,0.9978689,7.9608035e-05,1.9903888e-07,2.3713872e-07,1.9969558e-07,0.00010475701,1.3752903e-05,0.00094156468,0.00099071674
20170906-111845-1.jpg,3,8,0.0026802276,0.014013981,6.4222542e-05,0.30257094,0.022241756,0.00015650902,0.0010567972,0.0056100683,0.65160537
20171113-142238-2.jpg,6,6,2.6822879e-06,2.994842e-05,6.8545683e-07,6.5679149e-07,3.2270208e-07,1.9817446e-06,0.99925333,1.1663123e-05,0.00069869246
20180112-072353-1.jpg,8,8,0.003568561,0.02703779,0.00065182819,0.0026853092,0.0013968503,0.00065212976,0.00068751775,0.063829988,0.89949
20170304-130256-0.jpg,7,7,0.0039453078,0.0016072158,8.9361146e-07,9.0998628e-06,1.5218133e-06,3.2217511e-05,0.00048367673,0.98989189,0.0040282281
20171220-092845-2.jpg,8,8,0.0014391227,0.00030397519,0.00012460479,0.0042796172,0.00085100776,0.016397309,0.0012890719,0.0016399428,0.97367519
20171113-103847-0.jpg,6,6,1.2214069e-05,8.9582871e-05,1.2468814e-07,8.8078525e-07,4.1366775e-07,1.0032508e-06,0.99981254,7.3180767e-05,1.0103286e-05
20170811-163012-1.jpg,0,0,0.64570761,0.0027634683,0.0026007947,0.000183101,0.0048253965,0.00078313571,0.00014091274,0.077251144,0.26574439
20180119-105244-1.jpg,8,8,0.00021639136,0.00082615169,2.7533308e-05,0.00012121254,0.00017439647,2.4849207e-05,0.022575967,0.00076006609,0.97527337
20180119-115240-2.jpg,8,8,0.0037934848,0.0095309773,0.00037084776,0.00329959,0.0020780477,0.00012628907,0.00092365511,0.010001838,0.96987522
20170610-121802-0.jpg,1,7,0.014368566,0.18484522,0.0062714983,0.1520585,0.090672597,0.00016630419,0.033750813,0.47059435,0.047272161
20170705-163616-0.jpg,7,7,0.050972652,0.002080719,5.1137035e-06,0.0068617417,0.0018374578,5.5714583e-05,9.1420232e-05,0.91535753,0.022737717
20180112-082805-1.jpg,8,8,0.0050354176,0.00017635644,2.1638809e-05,6.6312517e-05,0.00022826593,7.0213588e-05,1.3547422e-05,0.0023292417,0.99205899
20171219-112449-3.jpg,8,8,0.0069587086,0.0024826145,0.37999168,0.0045400825,0.10646807,0.00025280178,0.0059139035,0.014875168,0.47851691
20180109-103632-2.jpg,8,8,0.047466926,0.017643332,0.21854959,0.03636606,0.15935977,0.0043823714,0.043277677,0.12430929,0.34864506
20180125-100406-2.jpg,8,8,0.0043446235,0.013283598,4.5582008e-05,0.010788793,0.00020260669,0.0075435373,0.079560049,0.0040348489,0.88019633
20171219-114148-2.jpg,8,2,0.00088443904,0.00024175068,0.66987276,0.0013505467,0.022048512,8.3941246e-05,0.0045310361,0.001329393,0.29965764
20180105-093132-2.jpg,8,8,0.0019851543,0.0020469455,0.0041013137,0.00087562506,0.010369474,0.0084583033,0.13448071,0.0026095181,0.83507293
20180112-080419-1.jpg,8,7,0.016000753,0.35393009,6.6690656e-05,0.00039010932,0.00018858518,0.0074939756,0.0004524916,0.48771974,0.13375744
20170920-115235-3.jpg,2,2,0.00033374943,6.3552629e-06,0.93177301,0.0004565531,0.058071885,0.00019266593,0.00019375639,0.00042316553,0.0085488474
20170210-133806-0.jpg,0,7,0.38586748,0.00467658,4.4459161e-05,0.00037727019,1.2986528e-05,0.010892632,0.0057563907,0.51637024,0.076001957
20171025-093113-3.jpg,3,3,0.017471416,0.0010045232,0.0010900904,0.82927734,0.0034792572,2.6606924e-05,0.00016289814,0.020125011,0.1273628
20180109-100707-2.jpg,8,8,0.016686574,0.010569188,0.12126087,0.073545143,0.059681483,0.00084351422,0.0043783593,0.041802328,0.67123252
20170714-141902-3.jpg,1,1,0.0042274473,0.99451196,2.7029057e-07,5.4111601e-06,4.9813372e-07,6.4619112e-06,0.00013564473,0.00057355384,0.00053872407
20171220-100509-1.jpg,8,8,0.00016462804,0.0028903154,1.8258444e-06,0.01655704,2.3758277e-05,0.0037430527,0.00039612013,0.00014194586,0.97608131
20170210-150110-0.jpg,0,0,0.82610863,0.00067889714,6.6008461e-06,2.8260238e-05,9.6115054e-06,0.00081729819,0.00053515268,0.021210665,0.15060475
20180109-075037-2.jpg,8,8,0.0004048027,0.0099447742,0.0071350131,0.0074386946,0.020982677,0.00020228703,0.17140247,0.0010889659,0.78140032
20170714-120648-3.jpg,1,1,0.008800148,0.43206805,0.0017880836,0.015479991,0.05586081,0.00017864829,0.20249975,0.11390771,0.16941682
20171212-102719-3.jpg,8,8,0.027402122,0.031246701,0.00056819007,0.27519023,0.010930524,0.00066504657,0.00079918152,0.046377871,0.60682011
20170715-104352-1.jpg,1,1,0.00017392497,0.98691851,8.379854e-07,1.5536974e-05,6.5143541e-07,1.1007282e-05,0.012254669,0.00028066014,0.00034403696
20171121-091114-3.jpg,6,6,0.00021623264,0.00040667038,4.0390291e-06,1.9791849e-05,7.735669e-06,0.0011478943,0.98669016,0.0011997063,0.010307745
20170811-110245-2.jpg,0,0,0.88736677,8.4760613e-05,9.3980663e-07,7.8898393e-06,3.7160328e-06,0.0060134265,5.0132794e-06,0.003359209,0.10315835
20180112-094331-2.jpg,8,8,0.055619814,0.0077513619,0.0094663817,0.10647289,0.050917495,0.0016704409,0.00049732561,0.092300385,0.67530388
20170920-095000-2.jpg,2,8,0.0040536229,0.0023786221,0.047904424,0.0053624422,0.029595288,0.00017958865,0.017818879,0.004328805,0.88837832
20170920-163450-3.jpg,2,2,0.0019438956,0.00045390869,0.9682712,0.0046276902,0.012446798,0.0035372502,0.0002889563,0.00034935484,0.008080828
20180119-115245-1.jpg,8,8,0.0057929726,0.0057094027,0.019141473,0.011049083,0.0074107558,0.00034913383,0.020954844,0.033521991,0.8960703
20180119-105107-2.jpg,8,8,0.0013329885,0.00014201603,0.013991692,0.00080147822,0.011894934,3.2345946e-05,0.0027118817,0.0054081162,0.96368456
20180109-091709-2.jpg,8,8,0.0025987634,1.3435928e-05,5.0457579e-06,9.7120865e-06,1.4737649e-05,0.00028333574,0.0014590002,0.0019553674,0.99366075
20170714-141813-3.jpg,1,1,0.00022161999,0.99774963,2.9105334e-07,1.3274431e-05,6.3645177e-07,5.1451393e-06,7.707467e-05,0.0017740222,0.00015837878
20170913-100613-2.jpg,3,3,0.0031899193,0.0015117727,0.00061065063,0.82144725,0.010340396,0.058699299,0.0022516111,0.00090237986,0.10104682
20170811-134256-1.jpg,0,8,0.28918687,0.0050751637,0.0011610857,0.0041285823,0.13665202,0.00078303134,0.00070571719,0.2030994,0.3592082
20171218-121252-2.jpg,8,8,0.00020116137,0.00040181371,4.1501067e-07,0.00011460539,1.7377142e-05,0.0014247721,0.0024470051,0.00090973516,0.99448293
20180322-132753-1.jpg,8,8,0.0055821338,0.0085189724,0.0049857125,0.012178875,0.094230495,0.0016974977,0.018829418,0.0049478947,0.849029
20171219-112019-3.jpg,8,8,7.8638222e-05,7.8937001e-06,0.00053070247,0.00067304604,0.011075651,7.6492062e-05,0.0023533872,6.3217354e-05,0.98514104
20170913-104437-2.jpg,3,3,0.00049945858,0.00086309726,1.156218e-05,0.86216158,0.02017183,0.00020617034,7.7545745e-05,0.00021553245,0.1157933
20180119-113519-2.jpg,8,8,0.00020972658,0.00041007253,4.2910156e-06,0.00039741461,2.1974305e-05,3.5855122e-05,6.4597129e-06,0.001068505,0.99784577
20171113-135026-1.jpg,6,6,0.00063974125,0.003966012,4.6643541e-05,5.0675048e-05,4.6784233e-05,5.1890973e-05,0.97743952,0.015785728,0.0019729328
20171113-141326-2.jpg,6,6,0.00011492999,0.0001586008,7.4889394e-06,9.0867916e-06,2.4352581e-05,4.150996e-05,0.99860919,0.00027468914,0.00076016336
20171212-094332-1.jpg,8,8,7.8633719e-05,0.00018689557,2.3366903e-07,0.00037902649,5.2660921e-06,0.00027713619,3.6965201e-05,7.4550233e-05,0.99896145
20180322-121222-2.jpg,8,8,0.0037886123,0.0034785562,6.907538e-05,0.0025041271,0.0012449842,0.0001182625,0.0001250214,0.0042709922,0.98440033
20171109-073713-1.jpg,5,5,0.0096516181,0.00015501032,1.0572791e-06,0.00013152556,6.4701617e-06,0.56139898,0.0025618104,0.014378465,0.41171515
20180119-105118-2.jpg,8,8,0.027726952,0.033914506,0.0078104693,0.024084304,0.054894272,0.001146378,0.025942573,0.056161966,0.76831853
20180112-092119-1.jpg,8,8,0.11415955,0.0032987716,2.7356802e-05,0.00026605205,0.00045956919,0.00028933631,1.3979431e-05,0.080264121,0.80122137
20171220-095140-1.jpg,8,8,0.00030282227,0.0003915308,6.7276352e-07,0.0010402555,3.6417184e-06,0.00020048152,3.6916892e-05,0.0002229901,0.99780053
20170217-114742-0.jpg,0,8,0.18127882,0.0002908922,2.3644566e-06,0.00012568462,6.9199946e-06,0.0082958816,0.00018483977,0.0037849857,0.8060295
20170906-100844-1.jpg,3,3,0.021965023,0.00062797748,0.0022783554,0.92297876,0.029178182,3.0658273e-05,4.5828485e-05,0.010192993,0.012702109
20171220-090203-2.jpg,8,8,0.0053135096,0.013517871,0.00016935761,0.018512471,0.0011149475,0.0024163153,0.00025935064,0.0046231071,0.95407313
20171219-105547-2.jpg,8,8,0.0044592279,0.0037653253,0.035649218,0.0062581152,0.050952796,0.0028655878,0.0026551092,0.00097880361,0.89241564
20170727-155004-3.jpg,4,4,0.00049177266,1.864252e-05,0.23603262,0.0030694697,0.74482173,7.7325501e-05,0.000158537,0.0011672791,0.014162621
20170704-151911-0.jpg,0,0,0.96648073,0.0015205658,6.2983127e-05,3.3259988e-05,5.3312979e-05,0.00052075827,0.00047546421,0.0079506785,0.02290212
20170728-122417-2.jpg,4,4,0.00067316636,3.3565582e-05,0.027097842,0.0054186317,0.9542979,0.00020215705,9.5018848e-05,0.00052114,0.011660594
20171109-093614-2.jpg,5,5,4.8430411e-05,4.0061943e-05,6.0375449e-08,1.3615865e-05,2.4783483e-07,0.99691796,0.0012200784,1.7028877e-05,0.0017425864
20180119-115023-1.jpg,8,8,0.00037263779,0.00032355363,0.0001150989,6.5565117e-05,0.0010071815,7.4622505e-05,0.0069477563,0.0004427883,0.99065077
20170727-152818-3.jpg,4,4,0.001200631,9.2600123e-05,0.082932688,0.0070266239,0.88328993,0.00012499711,0.00023440871,0.0034730262,0.021625204
20180322-113943-2.jpg,8,8,1.2073027e-05,1.4775439e-06,4.8652282e-08,7.5185403e-07,1.0022636e-05,2.0870708e-07,3.2569596e-06,4.2072652e-06,0.99996817
20171113-140603-2.jpg,6,6,0.013481148,0.0037789922,0.00058146822,0.0015107286,0.0022842931,0.0071971933,0.8810696,0.012343544,0.077753074
20180109-074228-1.jpg,8,8,3.8735627e-05,8.4158877e-05,0.0018082986,4.1753745e-05,0.00042127623,0.00017061355,0.0098357927,1.3122747e-05,0.98758626
20171220-082657-3.jpg,8,8,0.0049256948,0.00021341097,1.7511828e-05,0.0016323612,0.00012036684,0.0052485429,0.00018932227,0.0082798032,0.97937292
20180105-093229-2.jpg,8,8,1.0239445e-05,3.3002874e-05,0.00022302991,2.8576058e-06,4.1159924e-06,7.6975148e-06,0.0046045789,2.1586081e-06,0.99511236
20170913-130528-2.jpg,5,5,0.00056096795,0.00016311006,0.0021798634,0.096674554,0.075557202,0.79138297,0.00014035913,9.0100446e-05,0.033250876
20170811-134348-2.jpg,0,0,0.80645442,0.0037438574,0.00034482547,0.00042496814,0.002785743,0.00061619579,0.00056704553,0.015416426,0.16964653
20180109-090524-2.jpg,8,8,0.035785288,0.0070848959,0.0043945014,0.021662215,0.0055151209,0.025969271,0.00045436528,0.02715533,0.87197882
20171205-144519-2.jpg,8,8,0.00065230456,0.055768918,4.3949672e-06,0.0030911537,3.3290016e-05,0.0019299372,0.00023986443,7.6468852e-05,0.93820363
20170913-105303-1.jpg,3,3,0.00039686289,6.3071243e-06,2.4711082e-05,0.85769004,0.11741431,6.7031986e-05,1.8201999e-05,5.9617039e-05,0.024322866
20170405-155225-0.jpg,0,0,0.41150388,0.063984603,2.1445812e-05,0.0015642574,4.0273993e-05,0.005983938,0.0011824317,0.39602602,0.11969312
20171212-093654-3.jpg,8,8,0.0075867344,0.0019212924,0.0013749648,0.0018821809,0.030679241,0.00032812907,0.00024789703,0.065801963,0.89017767
20171219-095514-2.jpg,8,8,0.00048427386,0.0010964621,2.4242481e-06,0.00091028947,8.3446947e-05,0.0011421797,0.00033221039,0.00041762943,0.99553126
20171212-093729-3.jpg,8,8,0.0005429489,0.00033362294,5.6278473e-05,0.0028092328,0.0021780876,0.001512506,0.00031385123,0.00099110685,0.99126244
20170706-130402-3.jpg,1,1,2.0697578e-05,0.99986172,9.1362313e-09,7.7265446e-07,2.1377073e-08,8.9093575e-08,9.2772585e-05,1.6895465e-05,7.1207933e-06
20180125-134115-3.jpg,8,8,0.0082001174,0.01198327,0.0045057586,0.006520309,0.075380214,0.00034422029,0.016330266,0.044545874,0.8321898
20171025-081802-1.jpg,0,0,0.57722515,0.001508376,6.2804123e-05,0.00041118401,0.00080997986,0.0023857779,1.3631928e-05,0.16352344,0.25405955
20170126-095120-0.jpg,1,1,0.0020005626,0.99197948,2.8592578e-07,2.4638205e-06,2.7734822e-07,3.1558982e-05,0.0032715315,0.00051566749,0.0021982705
20170920-192308-1.jpg,2,2,8.7944782e-06,1.8024552e-06,0.99948847,0.00013429848,0.00024416306,3.6147667e-05,4.1320513e-06,1.1686506e-06,8.107422e-05
20170920-162920-3.jpg,2,4,0.0053702113,0.00016497917,0.028686572,0.045833487,0.73304993,0.0068446556,0.0031210256,0.0068792184,0.17004992
20170714-141527-3.jpg,1,1,0.016329952,0.41672105,0.0016282024,0.17283744,0.28841299,0.00032951799,0.0027312166,0.056253064,0.044756517
20170913-122435-1.jpg,5,5,0.00022321857,0.00015662893,9.1465854e-06,0.00028926769,3.3034255e-05,0.99826103,6.317551e-05,0.00030453733,0.00065995142
20171203-170559-3.jpg,8,8,0.0019774793,0.11248207,0.00040547291,0.00096327136,0.00036806919,0.0023195762,0.33212677,0.020301618,0.5290556
20171218-103550-2.jpg,8,8,0.04814465,0.0055462182,4.1688072e-05,0.0022853867,0.00041140572,0.0085246917,0.00026597307,0.08041051,0.85436964
20171212-103923-3.jpg,8,8,0.090396546,0.0048966925,0.00052306353,0.0025754625,0.00089507096,0.00029266923,0.0014073494,0.071340017,0.82767314
20170705-165759-0.jpg,7,7,0.074805662,0.049311586,8.0030106e-05,0.18542454,0.075557396,6.3734646e-05,0.00053913915,0.54979241,0.064425588
20180109-105722-1.jpg,8,8,0.0015321161,0.0012080927,0.0011157299,0.0045086443,0.0027473178,0.0011016633,0.0031487597,0.00048943877,0.9841485
20180322-132854-1.jpg,8,8,0.014973622,0.0041891462,0.00037782005,0.0023768339,0.0047098668,0.012805005,0.0007777898,0.0035932153,0.95619667
20180109-070324-1.jpg,8,8,0.00045175932,0.0044632098,2.5428833e-05,0.0011728948,0.00012769915,0.0029828262,0.078494914,0.0005550427,0.91172612
20171113-120501-1.jpg,6,6,0.007020528,0.13670303,0.064255387,0.025551347,0.0536674,0.10766774,0.36399218,0.004522874,0.23661958
20180125-130359-3.jpg,8,8,0.00025139915,0.0027305898,9.2652482e-07,0.00057014165,0.00047550106,1.1655583e-05,8.0499798e-05,0.00073718891,0.9951421
20171109-085310-2.jpg,5,5,0.00035981755,0.0073695062,1.7819158e-06,0.0081689274,1.340041e-05,0.5297212,0.0035556285,0.00014295857,0.45066684
20170920-162725-3.jpg,2,2,0.00061004696,3.6098372e-05,0.93268812,0.0014934291,0.051852535,2.5630949e-05,0.00028714378,0.00058393215,0.012422979
20170714-130929-1.jpg,1,8,0.032763217,0.0508979,0.00090461812,0.05629269,0.016598765,0.0068190512,0.015633797,0.028581701,0.79150832
20180125-131628-3.jpg,8,8,0.011457394,0.054510664,0.00053991808,0.0014904398,0.003756142,0.0017053055,0.17375486,0.031548727,0.72123671
20180119-110134-1.jpg,8,8,0.0016160704,0.0070356503,0.00027934433,0.0016083544,0.0015720892,0.00065955066,0.0033828269,0.0061629009,0.97768313
20180112-101443-2.jpg,8,8,0.021056866,0.0021472655,0.0017923921,0.0022556048,0.0019572901,0.0024373219,0.0001228195,0.0052658427,0.96296471
20171109-074353-1.jpg,5,5,0.0073605315,0.0010067646,4.6036853e-06,8.8462606e-05,1.3277499e-05,0.76158518,0.0088545447,0.0080411537,0.21304539
20180322-114811-1.jpg,8,8,0.00041726884,0.00017340672,1.1381898e-05,6.4865249e-05,0.00011027607,0.00026759735,0.00014304329,0.00027559593,0.99853659
20180322-113756-1.jpg,8,8,0.00156885,0.0039006004,0.00011929224,0.00047059843,0.0011082444,0.0039093071,0.0048130052,0.0036742021,0.98043597
20170217-152510-0.jpg,0,0,0.48851258,0.0014223761,1.3928967e-05,0.00043625978,1.9537194e-05,0.012062141,0.00050306495,0.068600357,0.42842975
20171025-073717-2.jpg,3,3,0.004151531,0.01528597,4.7457615e-05,0.94754303,0.0029988803,2.1338785e-05,2.5788433e-05,0.008680867,0.021245142
20170128-103533-0.jpg,8,8,0.030157719,0.16361654,0.00020489814,0.040312283,0.029396653,0.00039680634,0.0025890772,0.069986701,0.66333938
20170906-140427-1.jpg,3,4,0.0013986169,3.6059813e-05,0.0017683818,0.020110495,0.95957613,1.4275248e-05,1.910691e-05,0.0036645427,0.01341237
20180109-105049-2.jpg,8,8,0.0074054967,0.0034486479,0.0024614825,0.0085745407,0.0032657462,0.081078313,0.0023966169,0.01495037,0.87641877
20171219-113556-2.jpg,8,8,0.0021252825,0.0002818692,0.18862082,0.0075415173,0.056309003,0.00051261921,0.0032203523,0.0040134811,0.7373749
20170610-123424-0.jpg,1,1,0.0097182794,0.69611102,6.3825632e-05,0.0020873393,0.00018454139,0.00019980817,0.14814863,0.013429342,0.13005711
20171113-093744-3.jpg,5,0,0.43134519,0.0015068813,5.7425596e-06,0.00095448591,2.3793466e-05,0.28013712,0.00015668652,0.21559353,0.070276581
20180112-081547-2.jpg,8,8,0.0051196581,0.00054384716,0.28826264,0.10842431,0.23551147,0.00031672689,0.007696772,0.0064035864,0.34772113
20171121-090451-3.jpg,6,6,0.00025764699,0.0011493257,1.1230796e-05,0.00022121014,0.00023851437,4.9389448e-05,0.99235958,0.0010951307,0.0046180612
20170630-153456-0.jpg,8,7,0.22555754,0.017246995,0.03156691,0.02024577,0.029503072,0.0028626591,0.004134777,0.54469216,0.12419017
20180105-101539-2.jpg,8,6,0.0014259157,0.0083724884,0.011201651,0.0012682878,0.0032856672,0.0012235007,0.55402982,0.0040348871,0.41515779
20171113-122649-3.jpg,6,8,0.0033752609,0.013921,0.035776995,0.0025711579,0.0036413188,0.00098490994,0.11885224,0.0016299008,0.81924719
20180109-092127-2.jpg,7,7,0.010402494,0.001077908,1.2166602e-05,0.0001375209,1.6366552e-05,0.0069644866,0.22821312,0.66493034,0.0882456
20171218-121137-2.jpg,8,8,0.00098015158,0.0077074417,4.893101e-06,0.0015447325,0.00017768753,0.00035427223,0.00095279637,0.00092625938,0.98735166
20171113-133349-3.jpg,6,8,0.0057529425,0.00095303619,0.017298244,0.00075851841,0.010879772,0.0015464954,0.30764371,0.009913615,0.64525372
20171121-181023-2.jpg,6,6,0.041950874,0.0033010435,2.4539871e-05,0.00038863669,4.7092584e-05,0.0026544558,0.75373691,0.014331636,0.18356478
20171217-100810-2.jpg,8,8,0.0049567223,0.00094817154,0.00082519552,0.062482718,0.025141818,0.0020987683,0.0030366513,0.014292728,0.88621712
20180112-070845-2.jpg,8,8,0.36359861,0.058308102,0.0022090282,0.017091066,0.021972978,0.0057253726,0.0002661511,0.14887854,0.38195005
20170714-170321-1.jpg,1,1,0.0018218637,0.99547881,8.021113e-08,1.886907e-05,3.7964668e-07,3.0459889e-05,8.4234689e-06,0.0024866674,0.00015448846
20170727-170649-1.jpg,4,4,0.0004696078,2.2011236e-05,0.00027808431,0.00052512082,0.93892455,3.6139691e-06,4.8786445e-05,0.0020731383,0.057655111
20170627-103624-0.jpg,0,0,0.676759,0.0056018834,0.001590458,0.0052784514,0.011517307,0.039486252,0.00067461701,0.097178288,0.16191365
20170920-131138-2.jpg,2,2,0.0002247494,1.4603335e-05,0.98551428,0.00061695994,0.0097736893,0.00018509327,0.00014523372,0.00015856224,0.0033668007
20171025-075929-2.jpg,3,3,0.025997594,0.14043809,0.001174433,0.62664604,0.050987713,0.00069546135,0.00045799444,0.044872589,0.10873
20180125-133936-3.jpg,8,8,0.031939682,0.0062848013,0.0017375769,0.0022441249,0.016099608,0.0015791657,0.0027812289,0.10262759,0.83470619
20171217-184402-2.jpg,8,8,0.0013184262,0.030895211,2.8891604e-06,0.0060705929,2.0535266e-05,0.036270801,0.00090902852,0.00069807324,0.92381448
20170920-115515-2.jpg,2,2,0.0040889014,0.00044442952,0.55586737,0.015887156,0.29115942,0.00052304304,0.0051454278,0.011887723,0.11499658
20170718-101130-2.jpg,0,8,0.033168506,0.053057428,0.00021948182,0.040217873,0.0018165645,0.091139384,0.00092081272,0.025407461,0.75405246
20180322-112939-2.jpg,8,8,0.0010652826,0.00070158293,4.2288615e-05,0.00067340105,0.00022598593,0.00060201104,7.6530836e-05,0.00033413208,0.99627882
20170210-132528-0.jpg,0,0,0.55675268,0.0054309932,5.3932781e-05,0.00117137,0.00010060262,0.0040512611,0.00083344814,0.24941333,0.18219233
20180119-112938-2.jpg,8,8,0.0030591292,0.0034103286,8.0726395e-06,0.0010236412,5.4380547e-05,0.00036074049,0.00017491139,0.0010878496,0.99082106
20180112-103023-2.jpg,8,8,0.0011569913,0.0047893659,0.0045348136,0.0011931013,0.0025731155,0.00067446107,0.027555624,0.0038881944,0.9536345
20171218-111715-2.jpg,8,8,0.10176814,0.067566127,0.00025905354,0.080919929,0.00091789087,0.0089285299,0.0015792289,0.13829578,0.59976542
20170127-101912-0.jpg,1,1,0.0075792023,0.91732812,0.00038974246,0.0019826656,0.00092933513,0.00070011988,0.0051492266,0.011206844,0.054734752
20180109-095348-1.jpg,8,8,0.010798904,0.0024331629,0.00025106763,0.0025443144,0.0023073182,0.00017193746,2.4135097e-05,0.035061784,0.94640732
20170714-111038-2.jpg,1,1,0.0020859367,0.93528545,2.1572298e-06,5.8620048e-05,1.6091913e-05,0.00034109413,0.037252352,0.018380791,0.0065775239
20171102-094158-2.jpg,4,3,0.033490155,0.0022814246,0.011657357,0.62569582,0.21041183,0.00018106627,7.4514464e-05,0.058219358,0.057988495
20180322-103244-1.jpg,8,8,0.013261368,0.0042671938,0.0015527444,0.011712405,0.041695122,0.0023731785,0.00015665218,0.012207255,0.91277397
20180119-115456-1.jpg,8,8,0.016982593,0.01809573,0.014797474,0.022251783,0.0099619338,0.010238704,0.1438943,0.038085878,0.72569162
20180119-110255-1.jpg,8,8,0.010920462,0.016297009,9.3586874e-05,0.00081430626,0.0033659448,0.0002964398,0.00059775653,0.02074649,0.94686806
20180125-123133-2.jpg,8,8,0.0039766678,0.0036155905,0.00064720435,0.00352755,0.015430013,0.00011651505,0.0062534506,0.0093562771,0.95707685
20171109-090741-3.jpg,5,5,4.6830271e-05,5.1715262e-05,1.0927342e-06,2.0515799e-05,1.0755006e-06,0.99588299,8.563092e-05,3.181315e-05,0.0038784472
20170906-113501-2.jpg,3,3,0.00020894257,0.0037490448,0.00016791216,0.76655293,0.002454716,5.7896887e-05,0.0030833392,0.00016204696,0.22356308
20170129-102716-0.jpg,8,8,0.095691577,0.015163642,0.00011704057,0.0085665267,0.00010807568,0.0051131318,0.00050276518,0.012192425,0.86254489
20170704-152423-0.jpg,0,8,0.25157532,0.016364552,0.00026271047,0.00034845065,0.00045044854,0.0030579991,0.016518345,0.18101032,0.53041178
20180125-125818-2.jpg,8,8,6.2857966e-05,0.0022156697,5.2250471e-07,0.00036035001,4.3292257e-05,0.00016001609,0.0010736893,0.00019303466,0.99589062
20171113-135359-3.jpg,6,6,0.0021468557,0.0021486089,0.0059330994,0.00098815188,0.001617274,0.0010588308,0.64785057,0.0047735483,0.33348304
20180109-101108-2.jpg,8,8,8.3017198e-07,4.7726603e-06,3.9382658e-06,9.3153294e-06,1.2506869e-05,1.8078716e-06,6.9215523e-05,8.8282485e-07,0.99989676
20180119-114924-1.jpg,8,8,0.0035361948,0.0015483064,0.029797809,0.0042651151,0.0055132513,0.00022095781,0.0042583402,0.0073340731,0.94352597
20170714-121609-3.jpg,1,1,0.00013678886,0.99856842,1.0359362e-06,7.2424536e-06,1.3451051e-06,1.0236612e-06,0.00058683683,0.000127789,0.00056932151
20171212-093458-3.jpg,8,8,0.060150407,0.04621635,0.00029638704,0.032217171,0.0015563916,0.022691727,0.00097015128,0.060158648,0.77574289
20171220-095443-2.jpg,8,8,0.00033046093,0.0020099927,6.3265776e-07,0.0011769544,1.6804932e-05,0.00082059414,0.0021463081,0.00087425049,0.99262416
20171122-103613-1.jpg,5,5,1.6437918e-05,7.7233281e-06,1.2679592e-07,1.2034475e-05,3.6354555e-07,0.99306881,0.00065499451,3.3220504e-06,0.0062361797
20171113-132431-3.jpg,6,6,8.7075721e-05,0.00028953553,2.4964558e-05,3.0905121e-05,0.00014814425,1.2977629e-05,0.94640142,0.00054399885,0.052460939
20180105-100308-2.jpg,8,8,0.00041362265,0.00024050655,0.00034376764,8.6553788e-05,0.00023330731,8.6749555e-05,0.45543644,0.00057573325,0.54258335
20180109-085639-2.jpg,8,8,0.0075387652,0.034013387,0.00087697199,0.0071841986,0.0010498423,0.0078742942,0.01401126,0.0090210047,0.91843021
20171102-094113-1.jpg,4,4,0.029105688,0.018649502,0.00059227913,0.11343466,0.44699034,0.00023914727,0.00039736941,0.14342879,0.24716228
20171219-105429-2.jpg,8,8,0.099290706,0.033382334,0.033867527,0.0031772247,0.097088777,0.046097506,0.0022514409,0.012390135,0.6724543
20170906-114730-1.jpg,3,4,0.066288009,0.020677285,0.039717894,0.1134533,0.33392563,0.002544971,0.00071274803,0.30326596,0.11941426
20170906-112532-1.jpg,3,8,0.00049373182,0.0026531427,7.9579666e-05,0.16520084,0.0030263092,0.0013972195,0.0012177813,0.00035710158,0.82557434
20180109-074237-1.jpg,8,8,0.0031968199,0.002377063,0.019544773,0.0012040832,0.019889703,0.012557717,0.033347279,0.00064197928,0.90724051
20171220-094955-1.jpg,8,8,0.00023132896,0.0089969998,5.1010488e-07,0.0011653774,4.4476469e-06,0.011247902,0.0030432814,0.00017850229,0.97513163
20171122-100204-1.jpg,5,5,8.5462576e-05,2.2060432e-05,1.1323343e-06,7.0574199e-05,1.6985825e-06,0.98914415,0.0012156055,3.0659499e-05,0.0094287265
20180109-073245-1.jpg,8,8,0.019726103,0.015959984,0.0048184288,0.0073378189,0.0099831512,0.0015892653,0.17247207,0.017102726,0.75101048
20171113-150659-1.jpg,6,6,0.00043986202,0.0014759002,0.00090003491,0.00021685535,0.0012784903,0.00016366549,0.6178925,0.00079731789,0.37683538
20180109-104107-2.jpg,8,8,0.0012107464,0.0001696809,0.010187706,0.015607746,0.0045277872,0.00040175591,0.00078629464,0.0011526599,0.96595562
20170920-114851-3.jpg,2,2,6.1901039e-05,1.6115098e-05,0.9969607,0.00023900108,0.0019911306,3.5965171e-05,9.495081e-05,4.2982483e-05,0.00055705436
20180112-072727-2.jpg,8,0,0.48346606,0.0033727542,0.00057942187,0.045547646,0.024876947,0.0021664375,1.6806789e-05,0.30188271,0.13809119
20170610-122404-0.jpg,1,1,0.10850047,0.70477933,4.0024668e-05,0.00011212411,4.5110257e-05,0.0014678471,0.0015126192,0.022075707,0.16146669
20180119-105826-2.jpg,8,8,0.0050857924,0.038041815,0.00048369492,0.0043601971,0.081048317,6.3976062e-05,0.00048102936,0.0061322795,0.86430275
20170714-122250-2.jpg,1,8,0.0051338142,0.04957892,0.0081760921,0.006682226,0.022125676,0.00022660611,0.1709819,0.017838728,0.71925604
20171218-112909-3.jpg,8,8,0.0015779505,0.017761182,2.3610663e-05,0.012380675,0.0001909811,0.0022317129,0.0036780671,0.0033220996,0.95883363
20170210-131209-0.jpg,7,8,0.0082429964,0.0030964212,0.00022046457,0.0015657113,0.0012500351,0.0010682751,0.0088072997,0.35679463,0.61895424
20171113-124317-3.jpg,6,6,2.8418421e-05,0.001609733,6.4789447e-07,6.2767976e-06,1.7065287e-06,2.3263865e-05,0.99768567,0.00015093551,0.00049338996
20170906-092311-1.jpg,3,4,0.009655619,0.0010699213,0.0042139012,0.12551637,0.66775835,9.1344264e-05,7.6065509e-05,0.017474299,0.17414409
20180125-100907-1.jpg,8,8,3.1282345e-06,1.1130341e-05,2.75758e-07,0.00012887403,5.9089602e-05,4.5504344e-06,0.00036026488,2.5225668e-06,0.99943024
20171113-095154-1.jpg,5,5,0.041732926,0.0071114367,0.00016048543,0.00037085105,7.6325065e-05,0.42632198,0.033366729,0.12848292,0.36237639
20180119-104653-2.jpg,8,8,0.0097320816,0.018427555,0.041395959,0.019146498,0.19015507,0.00028194571,0.0024644497,0.0551553,0.66324109
20180112-082134-1.jpg,8,8,0.00069227169,0.00053235289,8.1696817e-06,0.00053272845,0.000983665,1.2801971e-05,0.00041781605,0.001771053,0.99504906
20170718-133552-2.jpg,0,8,0.014664662,0.028964547,0.0018240348,0.088003539,0.078243203,0.00056486914,0.0023177883,0.093835048,0.6915822
20170714-120613-2.jpg,1,1,0.0017886186,0.91735309,2.5837942e-05,0.0033502092,0.00015208643,0.0003846217,0.024011178,0.026550332,0.026383989
20171205-133902-2.jpg,8,8,0.0015214633,0.005245395,9.7962629e-06,0.01200304,0.00085789501,0.0038006578,0.00010965536,0.0057446179,0.97070742
20171109-085043-3.jpg,5,5,4.4439763e-05,0.00062406232,2.000226e-07,6.8767709e-05,6.6677313e-07,0.98588669,0.0014316768,1.2928293e-05,0.01193055
20171025-090501-2.jpg,3,3,0.016072465,0.0013650388,0.0017268375,0.51370174,0.3075698,5.9126305e-05,4.0060655e-05,0.027374486,0.13209035
20180112-091208-2.jpg,8,8,0.031639546,0.00042268142,5.5731751e-05,0.006296094,0.0048084804,7.9596764e-05,1.5018821e-05,0.013101418,0.94358146
20171025-092435-2.jpg,3,3,0.021062605,0.0020418395,0.0011766892,0.85953271,0.0068892278,0.00017260379,4.0882675e-05,0.043590456,0.065493003
20171220-101330-1.jpg,8,8,0.0096617704,0.16341121,2.168709e-06,0.22842294,1.6412394e-05,0.0068915356,9.1076508e-05,0.013780528,0.57772243
20171025-080551-1.jpg,3,3,0.0012797405,1.5100577e-06,1.428637e-05,0.9934001,0.0034794619,3.8945865e-07,2.7346653e-07,9.2599301e-05,0.0017316985
20171109-091730-2.jpg,5,5,2.2402714e-06,1.0581592e-05,1.3287244e-07,2.1163021e-06,1.3729019e-07,0.99917966,0.00077514508,1.6139763e-06,2.8263523e-05
20180112-092610-1.jpg,8,8,0.010759511,0.0046097226,0.00012281784,0.0009135289,0.00040536671,0.0022540002,3.7903195e-05,0.022312364,0.95858479
20171122-101245-1.jpg,5,5,0.00014349753,0.0001102289,3.2716059e-07,3.8226121e-05,1.3724841e-06,0.94487578,0.0010268905,4.7521029e-05,0.053756107
20171109-090159-3.jpg,5,5,0.00024326207,0.00061984488,2.1687347e-06,0.00047265281,1.9535344e-06,0.88645279,0.0011908604,7.611022e-05,0.11094041
20170913-100044-1.jpg,3,3,0.0034266489,0.00050088583,0.00033944697,0.83019352,0.10659067,0.016978381,0.00038992646,0.00032628205,0.041254226
20171121-090211-3.jpg,6,6,2.3061133e-05,0.0015572592,3.2237797e-06,6.7128558e-06,1.3449221e-05,1.6982553e-06,0.9970181,0.00028263137,0.0010938557
20170404-154009-0.jpg,7,7,0.057281978,0.0025339331,6.1413239e-06,1.5445914e-05,4.5829565e-06,0.00018102994,0.00047906791,0.93662465,0.0028731467
20170803-131528-1.jpg,0,7,0.057265479,0.020815371,0.00010862426,0.0058548427,0.017255643,0.0045717736,0.0024700377,0.48515514,0.40650302
20170728-153257-1.jpg,8,4,0.0017903355,0.00035426288,0.0067330361,0.0028564443,0.75723875,0.0039905543,0.00049540133,0.0044482835,0.22209294
20171025-094048-2.jpg,3,3,0.00075653032,1.2538863e-05,0.0002729953,0.97158909,0.0066156918,1.4189036e-06,1.9979267e-05,0.00037895876,0.020352896
20171113-143404-2.jpg,6,6,0.0011844973,0.0011673451,1.8173957e-06,8.5761903e-06,5.5444971e-06,0.00052672869,0.9635306,0.031779762,0.0017951506
20170811-122637-2.jpg,0,7,0.2033895,0.017034026,0.00019869226,0.00091761712,0.0037034994,0.17611748,4.6795212e-05,0.3074955,0.29109696
20171220-083212-3.jpg,8,8,0.0017565988,0.00024665377,9.205688e-06,0.0017703557,4.1032741e-05,0.052906103,0.00012701251,0.0019420871,0.94120097
20170714-120921-2.jpg,1,1,0.015892638,0.91779542,1.3880966e-06,1.0258562e-05,1.1505086e-05,1.212888e-05,0.050706919,0.014770579,0.00079913088
20170913-110133-3.jpg,5,5,0.00071745453,0.00028426998,0.00099089858,0.0035490589,0.001087924,0.98874503,0.00032080585,0.00021327419,0.0040913159
20180105-091815-2.jpg,8,8,4.7274448e-06,8.1979517e-05,5.9157113e-08,1.8166844e-05,1.2390241e-06,0.0028046793,0.014422157,7.7185377e-06,0.9826591
20170627-103509-0.jpg,0,8,0.10633019,0.0047058151,0.0010839985,0.031972498,0.17976248,0.0022635623,5.8238937e-05,0.1218703,0.5519529
20171113-092712-3.jpg,5,5,0.0078022983,0.00048269631,2.1485241e-05,0.00076035282,6.3378146e-05,0.65270489,0.018634398,0.0012373328,0.31829321
20180109-105926-2.jpg,8,8,0.0027950034,0.012080242,0.063744485,0.02722857,0.013067276,0.0051411386,0.014540328,0.0063660499,0.85503697
20170404-154147-0.jpg,7,7,0.0099161603,0.0027493504,1.9056165e-06,2.0298776e-05,2.3297632e-06,0.00019729235,2.4257066e-05,0.98399031,0.0030980406
20171220-085059-3.jpg,8,8,0.010261318,0.001511275,8.5892374e-05,0.004051303,0.00014395958,0.001146262,0.00039345236,0.018909466,0.96349704
20180322-111927-1.jpg,8,8,0.017957391,0.0005149903,0.0011545905,0.0014270023,0.016380129,0.00056529423,0.00012487023,0.0054278797,0.95644784
20171203-164701-3.jpg,8,8,0.001645528,0.0026044392,2.092057e-05,0.0038573281,0.0031898571,1.8414719e-05,2.2961854e-05,0.0024407248,0.98619986
20170811-131340-1.jpg,0,0,0.96221316,0.00044600185,5.0425082e-05,3.191489e-06,6.3298219e-05,0.019798132,1.4070059e-05,0.015988171,0.0014234576
20171109-084834-3.jpg,5,5,3.1854022e-05,3.1606899e-06,1.0520066e-06,6.8592835e-06,1.1006035e-06,0.99941397,0.00031491905,5.0832214e-06,0.00022198186
20171025-094751-1.jpg,3,8,0.0054969615,0.048232384,0.00034403417,0.050393067,0.0079147713,0.0009973594,0.0092709363,0.033099838,0.84425074
20171121-090649-3.jpg,6,6,0.004742471,0.0053148782,0.00030472715,0.00030198114,0.00053605746,0.00025928684,0.93519253,0.020890407,0.03245765
20171113-120629-2.jpg,6,6,2.8151728e-05,0.005404253,5.9621393e-06,9.0709291e-06,2.3661671e-06,4.6437931e-06,0.99340302,0.00025730667,0.00088521279
20180119-110243-2.jpg,8,8,0.0077177091,0.019592905,0.006562612,0.010782476,0.049049858,0.00016735921,0.005031168,0.011152557,0.8899433
20171218-121226-2.jpg,8,8,0.00077997404,0.0054084114,1.8600742e-05,0.0024058931,0.00049642375,0.0015985069,0.0022172253,0.002333364,0.98474163
20171219-101256-2.jpg,8,8,0.0014037134,0.00013453966,0.013442936,0.0067768511,0.23081799,0.00058349589,0.0010163498,0.0019761268,0.74384803
20170210-142433-0.jpg,7,7,0.0010352075,0.0002066383,2.8592561e-07,3.6579965e-07,6.3501534e-07,0.00019826382,4.5610659e-06,0.99839753,0.00015652506
20180105-095612-2.jpg,8,8,0.00030859237,0.00061515829,0.0019881732,0.00062095205,0.005179123,0.00016792605,0.020614434,0.0018490504,0.96865672
20180125-095928-2.jpg,8,8,0.0002272421,0.00020402453,1.2663659e-05,0.009641951,0.00031351214,0.0048452429,0.0018211791,0.0002027935,0.98273128
20171201-120339-1.jpg,8,8,0.0020115494,0.010750919,4.8989614e-06,0.0065770024,4.2901589e-05,0.026214672,0.0043477737,0.009092438,0.94095784
20171113-100841-1.jpg,5,5,0.00093199633,0.0054717027,5.8622569e-05,0.0023143373,8.6182248e-05,0.60466617,0.002459076,0.00054651598,0.38346541
20171113-143650-0.jpg,6,6,0.001614143,0.030942839,0.00025700266,0.0011392472,0.0002999721,0.00017120135,0.95359635,0.0029786432,0.0090005798
20180125-093131-1.jpg,8,8,6.2984764e-05,0.00023898899,7.1200986e-05,0.0024563065,0.0041792328,7.7359175e-05,0.00064368395,0.0002536464,0.99201655
20170811-114143-2.jpg,0,0,0.87347168,0.0087136161,0.00024191866,0.00033336447,0.00082474359,0.001127101,0.00043867057,0.01690634,0.097942665
20170728-122322-2.jpg,4,4,0.00019001012,2.0843406e-06,3.1538635e-05,0.00061764929,0.99639928,2.0169339e-06,1.5963693e-06,0.00030481527,0.0024511209
20180109-091522-1.jpg,8,8,0.00036540889,0.00020221427,3.8771301e-05,7.2622053e-05,0.00012762814,0.00029228476,0.017198306,0.00078719493,0.98091549
20180119-111405-1.jpg,8,8,2.144931e-05,6.7467219e-05,6.9223274e-06,5.6428955e-05,2.3571954e-05,2.8005697e-06,5.2341373e-05,3.4423476e-05,0.9997347
20171220-101356-1.jpg,8,8,0.00048693837,0.002690363,2.1192625e-07,0.0015052148,1.1148994e-06,0.0062855789,8.0709731e-05,0.00024317691,0.98870671
20170210-141655-0.jpg,7,7,0.0063510695,0.0010092959,1.7454391e-07,8.4217265e-07,8.6291863e-08,8.9100249e-05,8.4423482e-06,0.99185562,0.00068535021
20180112-094153-1.jpg,8,8,0.032730043,0.004009488,0.0068835905,0.0046546641,0.01924457,0.00033989179,0.00045118268,0.079390727,0.85229582
20171109-072825-3.jpg,5,8,0.0018885222,0.00071761856,1.5878772e-05,0.00093943952,0.00014706212,0.16282667,0.043700259,0.00062994164,0.78913474
20180112-103147-2.jpg,8,8,0.00014855924,0.00019199341,0.00043851105,5.043163e-05,0.00010154791,0.00010969083,0.022495849,6.5767032e-05,0.97639799
20180125-135107-3.jpg,8,8,0.011866279,0.11382529,0.00013626655,0.021479679,0.10674285,0.00010457248,0.0003065911,0.083583154,0.66195524
20170627-104419-0.jpg,7,7,0.026049377,0.010868425,4.9172122e-06,2.7575446e-05,5.9346225e-06,8.3038525e-05,0.0062542986,0.95167655,0.0050298856
20180109-075209-2.jpg,8,8,6.2741224e-06,2.5835319e-05,1.4779771e-05,1.0350984e-06,4.8840875e-06,1.5524447e-06,0.0019382645,2.0026218e-06,0.99800533
20180109-070824-1.jpg,8,8,2.2930819e-05,9.9052531e-06,3.4645211e-05,2.3158014e-05,6.598136e-05,0.00014248671,0.0089807026,9.0560861e-06,0.99071115
20180112-071635-2.jpg,8,8,0.016645541,0.0029496038,0.00094796816,0.0029659611,0.015560828,9.2954462e-05,9.8390185e-05,0.039389513,0.92134917
20180112-075608-2.jpg,8,8,0.31128544,0.00016474193,0.001350918,0.041019619,0.087158129,0.00011442235,5.5818014e-06,0.077381589,0.48151955
20171109-092800-2.jpg,5,5,0.00019865122,0.0058466294,1.3034022e-05,4.0980121e-05,4.1175581e-06,0.9432447,0.024763243,0.00041375449,0.025474885
20180125-133141-3.jpg,8,8,0.0014592186,0.004276867,0.00079081545,0.00074978691,0.0046833293,0.00017900343,0.0078865355,0.0036604407,0.97631401
20170501-144030-0.jpg,1,6,7.9385252e-05,0.029247953,2.6991447e-05,5.7755544e-05,2.0949754e-05,0.00037430966,0.79692018,0.00058386405,0.17268857
20170210-133239-0.jpg,0,7,0.1856699,0.025197476,3.0342333e-05,0.00056439801,0.00016135353,0.0015003351,0.0065804645,0.75185001,0.028445676
20171212-105638-3.jpg,8,8,0.06583377,0.23402619,0.00083629921,0.023889633,0.015932178,0.00064167287,0.027225526,0.091668606,0.53994614
20170714-110439-3.jpg,1,1,0.0030439806,0.93516701,1.3526659e-05,0.00037766865,3.5816469e-05,0.00022715272,0.01831241,0.0021175516,0.040704906
20170718-133726-2.jpg,7,7,0.013967112,0.00061558496,2.0549753e-06,7.7236175e-05,9.6992662e-06,6.3620382e-06,0.0001487313,0.98275405,0.0024191334
20180109-103902-1.jpg,8,8,0.00066918862,0.00021526232,0.00023225116,0.00077127112,9.2416791e-05,0.00022060891,0.003173816,0.00023625373,0.994389
20180125-100545-1.jpg,8,8,0.00027929331,0.0001711645,0.00021489078,7.0394184e-05,0.00070376898,0.000184426,0.00026813458,0.00017954881,0.99792838
20170920-190330-1.jpg,2,2,0.00018123325,1.6634047e-05,0.96576011,0.0005738418,0.02969921,0.00020820308,0.00033235652,5.2335086e-05,0.0031760307
20170728-123508-3.jpg,4,4,0.0015084947,1.3085466e-05,0.0012964054,0.0018114198,0.95416355,5.3231928e-05,7.0414135e-05,0.0012748078,0.039808564
20170728-153014-2.jpg,4,8,0.0045765494,0.0012878802,0.0021152177,0.0091656288,0.2592077,0.054854006,0.0044718729,0.0041066413,0.6602146
20170714-141802-2.jpg,1,1,0.0031239637,0.97467822,0.00030169208,0.001022137,0.00010811816,0.00010797164,0.0030918985,0.00811492,0.009451054
20180322-130353-1.jpg,8,8,0.00054616295,0.0050874301,1.5891163e-05,0.0027648525,0.0054312726,0.00021330544,0.00032362971,0.00067766936,0.98493975
20171219-113222-3.jpg,8,8,0.0036888067,0.00028167464,0.025195092,0.0094884411,0.056182019,0.0022064818,0.014805393,0.0044888086,0.8836633
20180112-094704-1.jpg,8,8,3.135475e-05,4.3167132e-05,7.7156915e-07,1.4795759e-05,4.4081542e-05,1.6011408e-06,0.00010324451,7.0976377e-05,0.99969018
20171219-094601-2.jpg,8,8,0.0023120737,0.0025919867,5.2247856e-06,0.01740809,0.0012136967,0.00089427881,0.00057370629,0.00054682331,0.97445416
20180112-082221-1.jpg,8,8,0.0012996393,0.00010422698,4.5130196e-06,0.00020168888,0.00031729057,5.8733976e-06,4.0775136e-05,0.0012338681,0.99679226
20180112-104110-2.jpg,8,8,0.030194052,0.0050532734,0.0063278489,0.0069502434,0.022744298,0.00019480199,0.00038014556,0.1200127,0.8081426
20170217-100851-0.jpg,7,7,0.052663635,0.00024301306,1.5232901e-06,4.7001497e-05,7.5365515e-06,0.00039257799,8.768258e-05,0.93825984,0.0082971249
20180322-114438-2.jpg,8,8,0.0054577761,0.00061145762,0.00052289368,0.0022337371,0.084002458,5.8078193e-05,8.2858947e-05,0.0031587139,0.90387195
20171109-090659-2.jpg,5,5,0.00014249368,0.0015135219,3.6153293e-07,3.3312426e-05,2.1188694e-06,0.90864164,0.0018986651,0.00023245899,0.087535389
20170811-130737-2.jpg,0,0,0.51571733,0.024879761,0.0063842391,0.0044037825,0.012432231,0.037592117,0.0031857679,0.13372186,0.26168302
20171203-174602-3.jpg,8,8,0.019459125,0.027153529,0.0028696405,0.0077846921,0.20036641,0.0002868743,0.0021705022,0.12341918,0.61649007
20180109-072336-2.jpg,8,4,0.0018013805,6.3446794e-05,0.02357691,0.00064429868,0.61203849,0.010531643,0.0013613319,0.00047792983,0.34950453
20180105-095907-2.jpg,8,8,0.00012524732,0.00012554831,0.0023942564,7.1333016e-05,0.00069041731,8.7112116e-05,0.006705665,8.7191234e-05,0.98971319
20180125-132354-3.jpg,8,8,0.007259774,0.022074878,0.00057335466,0.0023736462,0.02590953,0.00027853149,0.024654634,0.060301509,0.85657418
20171113-101919-1.jpg,5,5,0.0013885603,0.0029081709,0.00016073859,0.001941082,0.00012104973,0.89209342,0.0021851328,0.0072425967,0.09195929
20180322-103128-1.jpg,8,8,0.0045058937,0.00011183917,0.014117506,0.0015483435,0.19810602,0.005317979,0.00063325558,0.0022282288,0.77343094
20171203-174141-3.jpg,8,8,0.010598381,0.066203855,0.00010479712,0.034620352,0.0060535423,0.00064774649,0.00096534978,0.037372842,0.84343332
20171121-091058-1.jpg,6,6,0.0021822944,0.41217661,2.0260777e-06,1.8397126e-05,2.5724478e-06,0.00011391711,0.56974506,0.013890611,0.0018684748
20170129-102727-0.jpg,8,8,0.0017453752,0.060358349,5.6330277e-06,0.00082566828,2.1297887e-05,0.00077029399,0.0026609469,0.0025120452,0.93110037
20171203-173117-3.jpg,8,8,0.00038132328,0.0061289486,0.00013451866,0.0040665925,0.0010694322,0.00087863283,0.005063585,0.0022139316,0.98006296
20180119-113840-1.jpg,8,7,0.022274692,0.055321351,0.00021545222,0.0086014578,0.00052067789,0.00041229569,0.0107425,0.75392342,0.14798814
20171220-084120-2.jpg,8,8,0.0019171216,0.0096201841,2.6076118e-06,0.067516722,6.1202671e-05,0.0050014709,0.00091531913,0.0032498466,0.91171551
20171025-074230-3.jpg,3,3,0.011719725,0.0062675197,2.3631241e-05,0.85895413,0.001024026,0.005247077,0.00048198143,0.015879411,0.10040256
20180109-075358-1.jpg,8,8,7.0032584e-05,2.0933954e-05,0.038055129,4.5387213e-05,0.004394717,3.7901289e-05,0.0045096199,3.8713712e-05,0.95282745
20171109-193914-1.jpg,5,5,1.7429182e-05,8.0979087e-05,3.8148235e-07,2.4009963e-05,9.8212126e-07,0.98839521,0.00031693137,9.2363662e-06,0.011154916
20171121-073442-1.jpg,6,6,0.0089263655,0.0009290165,7.9182028e-05,0.00044267628,0.00059431058,0.0026070795,0.65861309,0.0085287495,0.31927949
20171205-144456-2.jpg,8,8,0.00053527282,0.0031421469,0.00084568129,0.0011830444,0.00092959224,0.0031747138,0.0016673437,0.00031863747,0.98820347
20170304-124648-0.jpg,0,8,0.071015149,0.010029134,0.010276569,0.0027035996,0.18207705,0.00075762667,0.0070605376,0.12768851,0.5883919
20170706-110150-0.jpg,7,7,0.00055448397,0.023917271,6.5445204e-07,1.6009433e-05,3.1811575e-07,4.7931313e-05,0.0050676907,0.97018403,0.00021156963
20170217-144005-0.jpg,7,7,0.041559227,0.0029033918,5.3233241e-05,0.00031856925,0.00012191394,0.0052910284,1.77112e-05,0.94395852,0.0057763862
20170920-094446-2.jpg,2,2,0.00026944879,0.00020125294,0.97166473,0.00011908865,0.0076677534,0.00010240279,0.001419027,3.1270247e-05,0.018524939
20171113-134108-3.jpg,6,6,0.00034271539,0.003824003,2.8863986e-05,0.0012386845,0.00012989792,0.0014884918,0.63365906,0.00087988219,0.35840848
20171203-170954-3.jpg,8,8,0.00023511781,0.0011941134,8.0894197e-06,0.0030272775,0.00015023594,1.7698059e-05,0.00019560181,0.0012861242,0.99388582
20180112-101450-1.jpg,8,8,0.0017511193,0.0091917971,0.0078106318,0.0010807501,0.0039695003,0.0002827089,0.057941109,0.012786489,0.90518594
20170920-095458-3.jpg,2,2,0.0016013803,0.017404001,0.4276571,0.009984727,0.04851108,0.0029287764,0.24496853,0.003180682,0.24376366
20180109-105945-1.jpg,8,8,0.016234925,0.004246328,0.00020269363,0.018563399,0.0015134758,0.00022777116,7.9760684e-05,0.010017575,0.94891405
20171113-120134-1.jpg,6,8,0.00015512668,0.0016646861,9.1350776e-05,0.00021729466,0.00012689923,0.00049354101,0.38270342,0.00081820617,0.6137296
20180109-073915-1.jpg,8,8,8.1958751e-06,2.5386164e-05,1.4071858e-06,3.927344e-05,3.1822561e-05,0.00014825628,0.0046158601,4.4006465e-06,0.99512547
20171212-103416-3.jpg,8,8,0.012430345,0.015115932,7.7647986e-05,0.00057831779,0.00046765339,0.0002103072,0.019717336,0.0095965043,0.94180602
20171218-120143-2.jpg,8,8,0.00054750143,0.00018753554,4.0247687e-07,0.015417958,1.97763e-05,8.6936758e-05,8.990869e-06,0.00013006545,0.98360091
20171218-115207-3.jpg,8,8,0.00032721963,0.00020514957,2.8229959e-05,0.0012029022,0.00014319058,0.0120322,0.00066885282,0.00051774009,0.98487443
20171109-195050-1.jpg,5,5,0.00012414751,6.8504036e-05,2.1944154e-06,0.00017710601,1.7416438e-05,0.81751722,0.0019626841,9.301625e-05,0.1800378
20180112-082504-1.jpg,8,8,0.002523724,0.0023842035,0.00026717846,0.00044131521,0.018828614,0.00010957362,0.0046174582,0.023095969,0.94773197
20170714-121657-3.jpg,1,6,0.0094599528,0.051185459,4.8777623e-05,0.00071954343,0.0014185976,0.00019718197,0.60430431,0.31173959,0.020926563
20170728-150253-1.jpg,4,4,0.0048174788,0.00032181968,0.086072877,0.013726318,0.7150768,0.0011105712,0.0016839904,0.0095664896,0.16762365
20171219-112115-3.jpg,8,8,0.0004886259,8.3670842e-05,0.31854197,0.0018770304,0.099747881,0.0002111194,0.0071674399,0.00097102334,0.57091117
20171220-083853-2.jpg,8,8,0.00017955234,1.9550109e-06,1.1817161e-07,8.2282659e-06,8.9786312e-07,0.00034112812,9.9159342e-07,5.6350134e-05,0.99941087
20171212-094152-3.jpg,8,8,0.00022643183,7.2869567e-05,1.6107983e-06,0.00024258788,4.1487212e-05,0.00095813151,8.364446e-05,0.00044175738,0.99793148
20171203-173903-3.jpg,8,1,0.0031350942,0.48470125,0.00012914448,0.005721529,0.00057690102,0.00030278286,0.030862579,0.011343394,0.46322727
20180125-095213-1.jpg,8,8,3.9673964e-07,1.270557e-07,3.1824004e-07,1.4018015e-05,2.4681497e-06,9.0382127e-06,0.00013092603,1.0901531e-07,0.99984252
20170811-111506-1.jpg,0,8,0.2945233,0.10380471,0.00044307977,0.00027337694,0.0004333668,0.109968,0.0017380948,0.12324423,0.36557171
20180105-101617-2.jpg,8,8,0.00017028344,0.00020838309,0.0019872575,5.060769e-05,0.0016964036,0.00010979384,0.10103396,0.00066539878,0.89407796
20180109-065829-1.jpg,8,8,0.0052102567,0.001511122,0.01245118,0.00038668988,0.0051306975,0.00061080529,0.058414541,0.00071828824,0.9155665
20171220-090611-2.jpg,8,8,0.0011889772,0.0028070447,1.1967075e-05,0.0022152914,7.4112591e-05,0.0017825824,0.00029650351,0.0021991141,0.98942447
20180125-131454-2.jpg,8,8,0.0025989681,0.019001773,0.00017097677,0.0080111893,0.0034655535,0.0020802813,0.02444952,0.0083933454,0.9318285
20170714-114911-3.jpg,1,1,0.00035295211,0.99734288,1.0010705e-06,5.1064333e-05,2.885216e-06,7.6190813e-06,0.0014010742,0.00035034958,0.00049039483
20171102-120027-1.jpg,2,2,5.2906817e-05,3.7230275e-05,0.99693465,0.00020100409,0.00023736733,0.0011235458,8.378442e-05,6.8885536e-05,0.0012606076
20170906-114631-1.jpg,3,8,0.003177719,0.0065917755,0.0010951009,0.025239408,0.020359408,0.00074159668,0.024201363,0.019724557,0.8988691
20170210-130823-0.jpg,7,7,0.00022230495,5.6662386e-05,5.4801973e-07,1.9909639e-06,9.6770073e-08,3.5344503e-05,0.00013334208,0.99940932,0.00014041271
20171203-165944-3.jpg,8,8,0.010499476,0.012227894,3.608011e-05,0.011983417,0.0019471429,0.0052894447,0.0012388213,0.029309096,0.92746854
20180105-100429-3.jpg,8,8,3.3503387e-05,9.3679337e-06,9.4085635e-06,8.1951503e-06,0.00021980012,9.4085635e-06,0.0044438438,2.0337466e-05,0.99524623
20170714-115651-2.jpg,1,1,0.0070471033,0.8130253,0.0001611326,0.011162207,0.00049449399,0.0005763917,0.018697387,0.046551321,0.10228468
20180112-082218-2.jpg,8,8,0.003117542,0.0010537816,0.00023235899,0.00088474009,0.0020408717,0.00025711532,7.1433482e-05,0.0011307902,0.99121124
20171220-092053-2.jpg,8,8,0.0019378206,0.0010797508,0.00010041265,0.0063034156,0.00029808856,0.025056643,0.0002734689,0.0027156353,0.9622348
20170718-100305-2.jpg,0,4,0.11662888,0.0003168367,0.0081278533,0.26252526,0.48367152,0.00028539231,8.9585483e-06,0.031643249,0.096791975
20171109-072135-3.jpg,5,6,0.0056671952,0.0042425296,7.9069159e-06,5.0322651e-05,1.1418287e-05,0.12804969,0.75544989,0.015637539,0.090883531
20171025-074849-2.jpg,3,3,0.025896685,0.009272621,1.925984e-05,0.81808949,0.010196198,7.8955927e-05,7.4519821e-06,0.012091449,0.12434781
20180112-102528-1.jpg,8,8,0.10833971,0.054693766,0.0011096278,0.00040301145,0.00057263498,0.0061099683,0.069467664,0.18034738,0.57895619
20171025-094918-1.jpg,3,3,0.0046808212,0.0049690106,0.00091128505,0.65693361,0.2484685,4.1741903e-05,0.00091389386,0.01402014,0.069060899
20170704-155615-0.jpg,7,8,0.16897562,0.051769029,3.4161007e-05,0.0024801567,0.000925623,0.0003846949,0.001290642,0.26094642,0.51319373
20171121-074235-1.jpg,6,6,0.0018156098,0.0045062043,2.4025101e-05,0.00029176986,0.00020039649,0.0013513773,0.91289294,0.066665128,0.012252616
20171109-092406-1.jpg,5,5,0.00034471889,0.0016333582,1.2893328e-05,0.00074355968,4.6931491e-05,0.95538491,0.022034807,0.0011543076,0.018644542
20170610-123122-0.jpg,1,1,0.0095975548,0.93293178,1.0467043e-05,0.00014265138,9.0824717e-05,0.000616954,0.0059567885,0.0060650664,0.044588018
20171109-093645-3.jpg,5,5,0.0023402192,1.3434038e-05,2.3120372e-06,9.2305081e-06,3.2078831e-06,0.9961766,0.00012301431,0.00032733718,0.0010046768
20180125-123155-2.jpg,8,8,0.00044353254,0.0018867273,7.8130957e-05,0.00043571694,0.00096702093,8.4826446e-05,0.0065195751,0.001311752,0.98827285
20180112-081025-2.jpg,8,8,0.00041873101,0.00084676221,0.00059357233,0.0071215639,0.0051483652,0.00011105271,0.0095645273,0.00071270298,0.9754827
20170906-092947-1.jpg,3,4,0.0012483385,0.00068705709,0.0043360344,0.033984512,0.80496401,0.00013064845,0.0014562653,0.012353886,0.14083919
20180119-113009-2.jpg,8,8,0.0036113302,0.04072063,1.9660534e-05,0.13503084,0.00092098053,0.00080249214,0.00037409877,0.009160405,0.80935955
20171203-172149-3.jpg,8,8,0.00097014208,0.00032101822,9.4933403e-06,7.1760609e-05,0.0014239461,1.5679212e-05,4.8197828e-05,0.001604014,0.99553573
20171121-072941-1.jpg,6,6,0.00069744402,0.0144062,1.3254626e-05,0.00060010806,3.8694878e-05,0.0038906909,0.92496616,0.0049625062,0.050424989
20180105-100443-2.jpg,8,8,3.8249855e-05,2.0030905e-06,2.9810159e-05,1.8694035e-06,0.00021404077,3.6932335e-05,0.00088611152,1.1294769e-05,0.99877971
20180125-135034-2.jpg,8,8,0.0005612229,0.0024843698,4.3724653e-05,0.0011528485,0.0016084267,0.0001262173,5.5577653e-05,0.00021650278,0.99375123
20171220-083350-2.jpg,8,8,1.4262577e-05,4.5249562e-06,4.3496531e-08,7.8554447e-05,5.7084753e-07,0.00098153879,5.6212357e-06,9.3401568e-06,0.99890554
20171121-090235-3.jpg,6,6,7.4773823e-05,0.0022229485,3.178292e-06,1.633956e-05,1.1079585e-05,9.6293052e-06,0.98512542,0.0004396232,0.012096973
20170405-155617-0.jpg,0,8,0.096844248,0.073393494,0.00034074151,0.019545333,0.0011685783,0.14863522,0.00042909023,0.1360411,0.52360213
20170128-102642-0.jpg,8,8,0.022920625,0.041133981,0.001196869,0.01452953,0.0054726619,0.0032813279,0.0065322747,0.051742155,0.85319054
20180109-085911-1.jpg,8,8,0.0070033753,0.0006402607,2.3964872e-06,0.018619576,0.00071377557,9.2350656e-06,4.5112583e-06,0.011246731,0.9617601
20171218-104341-2.jpg,8,8,0.002192081,0.0052229683,6.0947923e-06,0.0010670132,6.4811902e-05,0.0031858352,0.00053141144,0.0023487648,0.98538107
20170920-160449-3.jpg,2,2,0.00017273039,4.4254179e-05,0.9887622,0.0029348682,0.0018069157,0.0028726747,0.0003838517,1.0097662e-05,0.0030122602
20171025-093313-1.jpg,3,8,0.016074764,0.0012999009,0.00021042426,0.21831141,0.0098524215,0.00017317299,0.0014093191,0.014868061,0.73780048
20170718-132427-2.jpg,7,4,0.0018296558,0.0016133856,0.00056366745,0.077980377,0.8228448,9.0590467e-05,0.00068302639,0.018128794,0.076265626
20180105-093410-2.jpg,8,8,0.0029333802,0.0012707365,0.022629574,0.0019589148,0.040677529,0.0002723168,0.026713081,0.0029135046,0.90063095
20170715-131853-1.jpg,1,1,0.00055643584,0.99102801,2.9192809e-06,4.239396e-05,3.0771268e-06,2.8423119e-05,0.0048567462,0.00016823951,0.0033137507
20170729-092430-1.jpg,4,4,0.0011382581,0.00059410126,0.0008554103,0.001524704,0.82447135,0.00024209043,0.0023524538,0.0048422222,0.16397943
20180322-114739-1.jpg,8,8,5.4259726e-05,2.0649479e-05,1.3956922e-06,6.9872249e-06,5.1242532e-06,3.1063675e-05,4.628973e-05,2.0755582e-05,0.9998135
20170714-114444-2.jpg,1,1,0.0017101602,0.94188976,3.5230853e-06,0.0020717087,1.347309e-05,0.0001550599,0.014273036,0.0016340365,0.038249247
20180109-101356-1.jpg,8,8,0.0062253112,0.025263572,4.9533933e-06,0.00080722006,0.0001942261,0.0012772869,0.044751871,0.0096599115,0.9118157
20180105-092644-2.jpg,8,8,8.1755607e-06,0.0002420146,0.00010748504,8.2159613e-06,1.7107766e-05,3.1272398e-06,0.0023144204,3.4012326e-06,0.99729604
20170714-112539-2.jpg,1,1,8.3769766e-05,0.99986303,9.9742037e-10,7.8108769e-08,1.4947543e-09,1.2864525e-08,2.1522483e-06,3.9197039e-05,1.1757979e-05
20180112-071857-1.jpg,8,8,0.0041538738,0.0078041344,0.019227354,0.0074002729,0.057532307,0.00038583891,0.013704783,0.014918163,0.8748731
20170718-094600-2.jpg,0,5,0.02317285,0.0028917014,0.01308952,0.10356763,0.04787571,0.73756605,0.001007876,0.013443673,0.057384972
20180112-080611-1.jpg,8,8,0.0638927,0.0082761412,0.00016590409,0.0009856174,0.018206218,0.00028395257,5.6229121e-05,0.29836473,0.60976857
20180112-075851-2.jpg,8,8,0.01561747,0.0019799354,0.0023951863,0.035333801,0.20366247,0.0001271887,0.00020326827,0.044361986,0.69631881
20180109-072257-2.jpg,8,8,5.0499948e-05,0.00016703099,0.00060852495,0.00045150012,0.00087539392,0.00036647689,0.20583151,0.00014543174,0.79150373
20171220-090319-2.jpg,8,8,0.030269174,0.0049983556,0.0017757317,0.058226109,0.12885027,0.00094955019,0.00075844507,0.017772553,0.75639981
20171025-075034-2.jpg,3,3,0.00089057849,0.00056252058,3.8261058e-07,0.99134481,4.8904312e-05,7.9400315e-06,5.7422523e-07,9.6673684e-05,0.0070475624
20171219-093218-2.jpg,8,8,0.0037918249,0.00050411106,1.5642307e-05,0.015084082,0.00048151403,0.00082644448,2.0637648e-05,0.0010997985,0.97817594
20170811-134322-1.jpg,0,8,0.062726893,0.057426821,0.0018206205,0.0076944614,0.015012885,0.0063996795,0.10497253,0.10501179,0.63893437
20180109-090828-2.jpg,8,8,0.012841318,0.0091613168,0.00016236352,0.022733258,0.0006038131,0.0035373622,0.0027428675,0.0058400221,0.94237769
20180322-114102-1.jpg,8,8,0.0051199081,0.0043356977,0.00045053239,0.0097816102,0.0016396751,0.17104299,0.0046012849,0.0022777575,0.80075061
20171205-134332-2.jpg,8,8,0.012132518,0.012773892,5.173219e-05,0.013096885,0.0037865553,0.0012444479,0.00016275625,0.0076006781,0.94915068
20180112-092341-2.jpg,8,8,0.18145645,0.051963758,0.002604512,0.019818431,0.023940383,0.021483138,0.00084482937,0.25933316,0.43855536
20180125-125757-2.jpg,8,8,4.5032204e-05,0.00015833478,7.9228639e-06,0.00065475964,0.00066870853,3.7555943e-05,0.0016607299,4.9454993e-05,0.99671739
20171203-170028-3.jpg,8,8,0.0018331816,0.010375696,0.00086054631,0.0058636693,0.0091415439,3.6833517e-05,0.0096473955,0.0024414791,0.95979971
20171220-101708-2.jpg,8,8,0.0019512083,0.010135908,1.1579067e-06,0.00024596512,3.4947689e-06,0.010218229,0.0014042397,0.00080196111,0.97523773
20180119-110514-2.jpg,8,8,0.028087258,0.079600811,0.0012816854,0.0078989686,0.064065531,0.00044190197,0.0029772369,0.095624305,0.72002226
20170920-130730-2.jpg,2,4,0.00096225383,3.0079134e-05,0.3824603,0.0018451492,0.56551564,0.00079507893,0.0012589439,0.00037054063,0.046762105
20180322-111123-2.jpg,8,8,0.0019664587,0.00035153408,9.4468766e-07,0.00014585481,0.00016417159,7.3958031e-06,1.5646937e-06,0.00080244639,0.99655956
20170610-122952-0.jpg,1,1,0.035329722,0.53057748,1.6496178e-05,0.00027307216,3.5980906e-05,0.0025773095,0.25644439,0.049127884,0.12561768
20170727-130159-1.jpg,4,4,0.0020081787,8.3685132e-05,0.20166849,0.0084438948,0.76604283,9.6101154e-05,0.00031109262,0.0060144588,0.015331263
20171109-091950-1.jpg,5,5,0.015285524,0.00057804951,6.976549e-05,0.0013140071,0.00035165052,0.8904382,0.00031297884,0.0012756902,0.090374187
20180125-092820-1.jpg,8,8,2.3850334e-06,2.0189964e-06,2.6035906e-07,1.3016112e-05,3.1565705e-05,4.0339359e-07,7.7255336e-06,6.2805719e-07,0.99994206
20171113-124455-1.jpg,6,6,4.6122141e-06,0.00012267908,1.1405975e-06,7.4213239e-07,8.7953487e-07,7.808736e-06,0.99964511,1.7913266e-05,0.00019912324
20171220-100431-1.jpg,8,8,0.0021184522,0.00081458798,3.1732054e-07,0.0023175497,1.1456521e-05,0.00227687,2.2776343e-05,0.00044076587,0.99199718
20170127-102841-0.jpg,1,1,0.11254806,0.82411289,0.00034502638,0.0010058513,0.0003960063,0.00034819209,0.00021900519,0.042795572,0.018229362
20170610-124114-0.jpg,1,8,0.022864012,0.13798328,0.0001556737,0.009620552,0.0013178126,0.00088569563,0.00085154257,0.0057344902,0.82058698
20171109-093143-1.jpg,5,5,7.3954725e-06,1.7366984e-06,3.1716297e-08,1.75423e-06,9.811977e-08,0.99960178,3.3168003e-06,2.4074839e-06,0.0003814706
20180322-114302-2.jpg,8,8,0.00012848947,0.00013118837,1.1679663e-05,0.00014364799,0.0013539315,3.0359452e-06,1.143612e-05,0.00034975892,0.99786681
20180322-133223-1.jpg,8,8,0.018072337,0.020113021,6.4300722e-05,0.013767534,0.092838086,0.0022746725,0.0010795661,0.071500175,0.78029042
20180322-130108-1.jpg,8,8,0.070719838,0.14985898,0.00017255743,0.0082152868,0.0037182015,0.00087799359,0.00014077454,0.084089577,0.68220687
20171220-095328-2.jpg,8,8,0.0027595826,0.0034351617,1.2700792e-05,0.024030956,0.00098912755,0.0024152882,0.0014901689,0.01077995,0.95408702
20161207-111342-0.jpg,0,0,0.95253545,0.016730683,8.4043073e-05,3.2498014e-05,4.715176e-05,0.0009248826,0.0010214127,0.010067786,0.018556153
20170913-103228-1.jpg,3,3,0.00019553104,0.00036352541,0.00040425625,0.97836089,0.0054445933,0.0008001572,0.00045995417,3.5226662e-05,0.013935725
20171203-170407-3.jpg,8,8,0.004049636,0.012665262,0.0012673424,0.01901217,0.019926183,0.0063441731,0.0068595232,0.033405926,0.89646971
20170906-111904-4.jpg,3,3,0.021081638,0.00060433347,0.014171821,0.62513399,0.26866958,0.00019014058,3.7106973e-05,0.021711227,0.048400164
20180105-101926-2.jpg,8,8,3.9244929e-05,0.00010228356,0.00020382546,3.0968407e-05,0.00025073159,0.00016330765,0.012664203,1.263916e-05,0.98653281
20180125-091420-2.jpg,8,8,1.48166e-05,2.3742386e-05,4.0249947e-06,4.417029e-05,0.00032843655,4.421473e-06,0.00025514516,1.9325631e-05,0.99930596
20171220-091651-3.jpg,8,8,0.017287133,0.01056305,0.00030098201,0.0029219566,0.0028312365,0.0054762349,0.00034666015,0.013846024,0.94642651
20180105-100947-2.jpg,8,8,0.0012281436,0.00079347636,0.011159172,0.0030106714,0.025092758,0.00037579722,0.052739326,0.0033437281,0.90225708
20170714-111357-2.jpg,1,1,5.5594894e-05,0.99458104,1.4982496e-07,2.6386137e-05,5.8850753e-07,4.7701949e-05,0.00015596004,0.0044890712,0.0006435705
20171219-111807-3.jpg,8,8,0.0031577083,0.00123931,0.024562333,0.13350895,0.31476787,0.00039315972,0.0096891196,0.013164368,0.49951726
20171220-091902-3.jpg,8,8,0.00087060023,0.00066200958,2.0209809e-05,0.00069221307,0.00038621563,0.0077986424,7.9339727e-05,0.00035598502,0.98913503
20170729-092444-2.jpg,4,4,0.00072825956,2.048402e-05,0.0012635362,0.00052000768,0.95013541,3.3170618e-05,1.9410867e-05,0.0045471019,0.042732593
20161207-111555-0.jpg,0,0,0.78737336,0.033428088,6.3309286e-05,6.4835658e-05,1.7059283e-05,0.013807734,0.0055600023,0.13695745,0.022728182
20180112-094807-2.jpg,8,8,0.014614154,0.0043639434,4.2035124e-05,0.00038502869,6.8341229e-05,0.00023370907,0.017477853,0.062367707,0.90044725
20170304-131806-0.jpg,7,0,0.83741862,0.0018250626,4.7769372e-06,2.892518e-05,1.3838617e-05,0.0004880417,0.00012559372,0.13767995,0.022415072
20180125-095338-1.jpg,8,8,5.139787e-05,0.00011107765,0.00053715054,0.011413971,0.001338175,6.7997025e-05,0.0050396635,8.8038041e-06,0.98143184
20170727-114409-3.jpg,4,4,0.00028970369,4.2669049e-06,0.0026367032,0.00051095843,0.95755982,0.00021084171,5.2629308e-05,5.6990684e-05,0.038678132
20171113-105049-0.jpg,6,6,0.00030579485,0.00085342029,1.8379204e-06,2.8003555e-05,2.5860022e-06,1.9926156e-06,0.99760914,0.00099340465,0.00020387879
20171218-104233-3.jpg,8,8,0.00012400518,4.3909345e-06,1.1198885e-06,5.0006502e-06,6.1447042e-07,8.1004895e-05,2.2921746e-05,0.00017046712,0.99959046
20170217-122047-0.jpg,0,0,0.95109665,0.010545721,9.5021123e-06,3.3236807e-05,8.3353852e-06,0.0008004008,0.00012243807,0.0070974235,0.03028612
20180109-100454-1.jpg,8,8,0.039491639,0.0029024959,3.7999569e-05,0.0010526761,0.00026510307,0.0018045327,0.0016640204,0.014842981,0.93793851
20171113-121817-1.jpg,6,6,0.00039142228,0.012846336,1.0554612e-05,0.00015437935,9.7139993e-05,2.0392567e-05,0.75962067,0.0012660555,0.22559309
20170714-142832-3.jpg,1,1,7.6433425e-05,0.99937385,6.6773498e-07,2.1458507e-05,3.6754597e-07,2.2798945e-06,6.8058158e-05,0.00027921735,0.00017762577
20180125-091925-1.jpg,8,8,3.4851208e-05,9.8103759e-05,5.3565947e-07,8.7259286e-05,0.00010286962,4.3010241e-06,4.2654156e-05,9.3779827e-06,0.9996202
20180125-100508-1.jpg,8,8,4.3853805e-05,5.1672705e-05,0.00022506969,2.9426892e-05,0.001313986,0.00021959924,0.0071439296,1.6322521e-05,0.99095625
20180112-081003-1.jpg,8,8,0.0015412901,0.00010017957,2.5739775e-05,0.0011104107,0.0024045573,3.3493736e-05,4.2396612e-05,0.0015248662,0.99321705
20171218-110851-2.jpg,8,8,0.0132264,0.0043702475,0.00026853321,0.0076115467,0.00019212553,0.0078344587,3.8419097e-05,0.0048887953,0.96156961
20171219-093120-3.jpg,8,1,0.021149194,0.64975911,9.2413517e-05,0.036285497,0.0016705967,0.00053567922,0.0018401869,0.035546795,0.25312048
20170811-131557-2.jpg,0,0,0.90767097,0.0016572707,0.0001087507,0.00021809513,0.00014376821,0.020611128,0.00017999791,0.023865791,0.045544188
20170727-152827-1.jpg,4,4,0.00020475134,4.0184864e-06,0.0044654449,0.00050472235,0.97812247,4.0050632e-05,2.5777157e-05,0.00030157898,0.016331365
20180109-070024-1.jpg,8,8,4.7944199e-05,5.1412291e-05,4.3154159e-05,5.187327e-05,0.0001290864,0.00021765586,0.0052715866,8.6793825e-06,0.99417853
20170610-122454-0.jpg,1,1,0.0046591656,0.98508388,1.1618185e-06,0.00016435867,3.6073161e-06,9.2335889e-05,0.0011037561,0.002407707,0.0064839744
20180109-070613-1.jpg,8,8,1.6257929e-05,6.531558e-05,6.2992649e-06,9.2524228e-05,4.0455932e-05,0.0018167994,0.26623178,1.1702958e-05,0.73171896
20171025-082631-3.jpg,3,3,0.013723732,0.00072949787,0.00068846042,0.85119355,0.023941452,3.0033229e-05,0.00013950634,0.013370346,0.096183337
20180125-132051-3.jpg,8,1,0.028170172,0.50611246,1.181693e-05,0.0095805544,0.00070478424,0.00019886301,0.0004009993,0.054668169,0.40015215
20180322-115146-2.jpg,8,8,0.00020050912,0.0044285799,2.8298562e-05,0.0010281268,0.0030761391,3.1392614e-05,0.0002057721,0.0003389804,0.99066216
20170714-122506-3.jpg,1,1,6.2657314e-06,0.999982,2.5371611e-09,8.1263408e-08,3.0159262e-09,1.1705318e-08,6.7849251e-06,3.9804968e-06,9.0488703e-07
20171220-094659-1.jpg,8,8,0.0007792135,0.010254844,4.8789423e-07,0.00026535802,1.1934558e-05,0.0015173341,0.00086011342,0.0044541764,0.98185664
20171218-114955-3.jpg,8,8,0.0021404177,0.0043934188,0.0001030234,0.012278819,0.00049147836,0.057876676,0.0010179086,0.0010127303,0.92068541
20180105-104158-1.jpg,8,8,2.2694061e-05,0.00037262795,0.00012765526,2.975946e-05,0.00035273077,3.4989749e-05,0.037136145,4.4030647e-05,0.96187931
20171219-101319-2.jpg,8,8,0.0078348517,0.0014100696,0.021173386,0.034373909,0.39871955,0.018465765,0.0013501458,0.0021107197,0.51456165
20171220-094442-2.jpg,8,8,0.0031433518,0.0065827467,3.5775097e-06,0.00098917447,2.3004368e-05,0.11851341,8.4748077e-05,0.00068397366,0.8699761
20171220-091302-2.jpg,8,8,0.00014436372,0.00011097478,4.4278504e-06,0.00039154911,2.7216269e-05,0.016214386,4.0322091e-05,9.2842347e-05,0.98297405
20170217-100152-0.jpg,7,7,0.0023449296,0.00021243747,8.8518101e-07,1.9598635e-06,2.8713582e-06,8.4592621e-06,0.0021258492,0.99511355,0.00018905035
20171121-090820-3.jpg,6,6,3.9307088e-06,0.00023499464,7.6705965e-07,8.498273e-07,7.3296451e-07,1.0433293e-06,0.99931991,1.8835597e-05,0.00041891405
20170315-090401-0.jpg,8,7,0.055383716,0.0094766002,4.7926103e-05,0.017776133,0.00042405343,0.011257637,0.00054165127,0.64728612,0.25780627
20170727-113134-3.jpg,4,4,0.0042273477,0.00012222755,0.021600386,0.0046591023,0.89029783,0.047141753,0.00036018842,0.00084465393,0.030746426
20170728-151823-1.jpg,8,4,0.0030481431,0.00017490247,0.014477941,0.0054421434,0.85289127,0.003165989,0.0005477221,0.0011855102,0.11906635
20171203-174638-3.jpg,8,8,0.013993622,0.0045832912,4.8240458e-05,0.0033961043,0.0018439565,0.00063397945,0.00020386139,0.027760271,0.94753653
20170920-120150-2.jpg,2,2,0.0018327816,0.00010957866,0.46215215,0.010424581,0.41430745,0.00021146712,0.0018749792,0.0031300583,0.10595697
20180112-074634-2.jpg,8,8,0.072395764,0.0003409636,0.00014523063,0.02169244,0.01179769,0.00010304504,1.6303238e-05,0.021088235,0.87242037
20180112-082558-1.jpg,8,8,0.0057526901,0.0009132789,1.6222044e-05,0.00067359011,0.013077346,4.9167347e-06,3.707697e-05,0.028553279,0.95097172
20170920-192030-1.jpg,2,2,0.00022765303,2.1119991e-05,0.92080814,0.00096927682,0.069339335,0.0011360972,0.00034066569,0.00023182495,0.0069259796
20171109-074110-1.jpg,5,0,0.45792109,0.00033321965,2.3410656e-05,3.7539605e-05,2.2359342e-05,0.11156406,0.0038553446,0.020889703,0.40535322
20171205-134024-2.jpg,8,8,0.0027406907,0.0040835743,7.6646584e-06,0.0033769975,0.00015116217,0.0054825321,0.0001467683,0.0006525307,0.9833582
20171219-112050-3.jpg,8,2,0.00047697031,2.1714259e-05,0.59796596,0.00086582301,0.09731283,0.00020550562,0.0059730336,0.00019484435,0.29698336
20170404-154352-0.jpg,7,7,0.00197187,3.6000136e-05,6.725034e-08,2.4807116e-06,5.9038182e-08,2.3945655e-05,2.5087593e-06,0.99781954,0.00014352905
20170217-150733-0.jpg,0,0,0.74716622,0.012347787,1.6289365e-06,3.0144654e-05,2.2462843e-06,8.8949979e-05,1.5982385e-05,0.040038109,0.20030899
20171218-112736-3.jpg,8,8,0.00055828283,0.0010327564,6.0659338e-05,0.0013286527,0.00079487578,0.00034006839,0.0095350128,0.00034549567,0.98600417
20170728-151210-1.jpg,4,4,0.0015167185,4.6374087e-05,0.013035922,0.0024908981,0.81849164,0.0071570072,0.00064848526,0.00044976786,0.15616316
20180112-080716-1.jpg,8,8,0.055225559,0.034754291,0.003450582,0.0042305104,0.006303688,0.087662168,0.0035985527,0.11706745,0.68770725
20171113-133014-3.jpg,6,6,1.0477197e-05,0.00012882534,8.7209744e-05,1.2466303e-05,2.0069605e-05,3.2740038e-05,0.99049079,8.5945256e-05,0.0091314623
20180125-130816-2.jpg,8,8,0.0017508477,0.00073363964,6.7298482e-05,0.0016954631,0.0026362084,5.6508748e-06,7.3137206e-05,0.00053394475,0.99250376
20180109-095458-2.jpg,8,8,0.0043049236,0.0024011475,0.011164713,0.014265504,0.02092075,0.0025424885,0.052501108,0.015108304,0.87679106
20170706-105125-0.jpg,7,7,0.0048263283,0.0043514483,4.4640768e-05,0.00064956117,5.7151759e-05,0.009145028,0.021954129,0.93798774,0.02098405
20171113-123332-0.jpg,6,6,0.00012161164,0.00021781914,4.4347507e-06,1.1901274e-05,7.450461e-06,1.2617031e-05,0.9987697,0.00045758762,0.00039688568
20171218-120648-3.jpg,8,8,0.0012953272,0.060584042,0.00019398265,0.0018225826,0.00037210283,0.0027451054,0.0025552886,0.0038284648,0.92660308
20171218-113215-3.jpg,8,8,0.0003374395,0.00074645784,1.4662191e-05,6.2352083e-05,5.6562101e-05,0.0039589349,0.00017895043,0.00013705697,0.99450773
20171212-093440-3.jpg,8,8,0.00027328651,0.00020120641,8.116366e-07,0.012457415,9.727999e-05,0.0007638227,1.6444641e-05,0.0001035864,0.98608601
20180125-133504-2.jpg,8,8,0.00019294959,0.00042885376,4.191729e-05,0.00063503085,0.0006462271,1.6708709e-05,0.00025084644,0.00051308353,0.99727422
20170920-113554-2.jpg,2,2,8.0501508e-05,6.1402757e-06,0.96566355,0.00075578131,0.031933416,0.00014326768,5.6704142e-05,4.2932988e-05,0.0013176077
20180105-092829-2.jpg,8,8,8.551326e-05,0.00017365627,0.00026938124,4.6800724e-05,0.00019009544,0.00012475933,0.041645613,4.584753e-05,0.95741826
20170217-121730-0.jpg,0,0,0.98258269,0.00011395787,8.597907e-07,9.6919903e-06,9.4829142e-07,0.0071978932,2.9387991e-05,0.002231387,0.0078331744
20171212-094009-1.jpg,8,8,0.0006266713,0.00093481794,1.9829899e-06,0.00064742815,3.1752814e-05,0.0052592689,8.3049083e-05,0.00028084643,0.99213409
20170727-125558-3.jpg,4,4,0.00027493574,6.2861614e-06,0.045509372,0.00060810021,0.93774956,0.00020908868,0.00013634859,0.00022765537,0.01527866
20171205-123739-2.jpg,8,8,0.0033048168,0.0026269287,1.3601014e-06,0.00057277817,5.4598633e-05,0.00033602296,1.3884112e-05,0.0010643232,0.99202538
20171102-120557-3.jpg,2,2,0.00017636127,0.00045386545,0.99392152,0.0010599614,0.00077239104,0.0016841675,7.1496754e-05,9.4852221e-05,0.001765463
20171025-172200-3.jpg,3,3,0.0031047324,0.0010356177,0.0014881823,0.97021973,0.014480225,6.5996544e-05,3.8513914e-05,0.0025154771,0.0070515312
20180109-075540-2.jpg,8,8,0.00035062886,0.00068359537,0.0010462126,0.00057861826,0.00017640414,0.00024318132,0.0087228715,0.00023744385,0.98796111
20180109-074212-2.jpg,8,8,0.0037596452,0.040147703,2.0306854e-06,5.4080316e-05,1.5833111e-05,0.00095392595,0.16357067,0.00095324434,0.7905429
20170920-162654-3.jpg,2,2,0.00076430844,8.0032289e-05,0.56770563,0.014009891,0.32877603,9.3320115e-05,0.00090120948,0.0017697295,0.085899755
20170711-121008-0.jpg,0,0,0.3298434,0.037171707,0.18228912,0.16017728,0.060716897,0.0052345642,0.0066756019,0.072798863,0.14509249
20180322-104201-1.jpg,8,8,0.018183986,0.0060979459,0.0018997254,0.0046637408,0.014675692,0.01305542,0.0018706796,0.026615093,0.91293764
20180322-114240-2.jpg,8,8,0.00011892882,0.00072553306,4.5866564e-06,0.00020853816,0.00057203497,2.8899924e-05,5.5863853e-05,0.00017184582,0.99811351
20171212-104533-3.jpg,8,8,0.012813301,0.11119473,0.0012908115,0.0099686794,0.0057434402,0.0043593333,0.017748917,0.033985902,0.80289495
20170217-102049-0.jpg,0,0,0.59021217,0.00054034224,1.2090926e-05,0.0030632885,0.00014093587,0.0017417246,0.0012657162,0.20386054,0.19916314
20170920-162842-3.jpg,2,2,4.4517648e-05,3.0239435e-05,0.99348938,0.00027510681,0.0030830035,0.00065266655,0.0012581688,1.8694438e-05,0.0011482314
20171025-082205-2.jpg,3,8,0.28769273,0.0060312962,0.0033202576,0.11038917,0.021249507,0.0033522672,6.2267573e-05,0.2173011,0.35060135
20170714-142904-3.jpg,1,1,1.4054945e-05,0.99991858,7.0131176e-09,8.505732e-07,1.2018008e-08,1.1830789e-07,1.9059187e-05,7.1126124e-06,4.0161227e-05
20170714-141919-3.jpg,1,1,0.00051620184,0.99573803,6.0126149e-06,0.00054982299,1.8750123e-05,1.8032848e-05,4.2972661e-05,0.0019710611,0.0011390848
20180105-095450-2.jpg,8,8,0.00017115475,0.00019298452,0.0014972261,4.7900219e-05,0.0015897623,0.00019623886,0.0065196911,0.00023303808,0.98955184
20180105-092934-2.jpg,8,8,1.6757089e-05,3.5656085e-05,0.00044693224,1.4713439e-05,0.00016435352,2.9960845e-05,0.0057892133,6.5705995e-06,0.99349594
20180322-104221-1.jpg,8,8,0.0074154227,0.0012938912,6.1927218e-05,0.00053320365,0.016332448,0.00051376718,4.2473152e-05,0.017760709,0.95604628
20171218-111752-2.jpg,8,8,0.13492091,0.11837053,0.0025376379,0.10829889,0.0046563447,0.0050820857,0.00047862835,0.11429325,0.51136166
20180109-071108-2.jpg,8,8,1.061033e-05,0.00021406831,8.8541907e-05,2.3336306e-05,1.5690372e-05,7.2276925e-06,0.0066186911,8.267938e-06,0.99301356
20171121-181157-2.jpg,6,6,0.010934878,0.04481452,1.9833753e-05,0.00038090738,0.00010977495,0.00012970583,0.57686639,0.26402587,0.10271817
20171220-094713-2.jpg,8,8,0.0014218742,0.015896482,7.2655774e-07,0.0031970118,9.2970931e-06,0.0038100269,0.0002550442,0.0023021041,0.9731074
20170920-114137-3.jpg,2,2,0.0020451208,0.00018504515,0.87516421,0.0064725815,0.085107058,0.00033120325,0.00086935988,0.0042223078,0.025603022
20180109-074929-2.jpg,8,8,4.6179412e-05,0.00017913234,0.0015643815,4.6435998e-05,0.00028832175,4.5218658e-06,0.006993569,4.5325796e-05,0.99083215
20171121-073022-1.jpg,6,8,0.0015376876,0.0015907881,2.9795248e-05,0.00012891198,0.00012136034,0.0044091344,0.1413295,0.002191236,0.84866154
20180322-103111-1.jpg,8,8,0.00060294219,0.00029623703,0.0010554193,0.0010950328,0.034127302,0.0012981818,0.00034782983,0.0010417267,0.9601354
20171220-084555-3.jpg,8,8,0.0004780929,0.00037911462,6.2944918e-07,0.00036470397,1.9724897e-05,0.010456252,4.7494203e-05,0.00041831424,0.98783582
20170127-102151-0.jpg,1,1,0.0059986138,0.9561317,6.0007475e-05,0.0013577925,9.1655493e-05,0.00032448507,0.0019368767,0.0068970309,0.027201923
20171113-133148-3.jpg,6,6,0.0022484369,0.026360769,0.00028753353,0.00048678686,0.00019873302,0.00085305161,0.86126494,0.0079892064,0.10031047
20170728-150307-1.jpg,8,4,0.0036456892,0.00018764564,0.039110221,0.0031249409,0.63855338,0.00024729289,0.00044749113,0.012276589,0.30240673
20170714-142008-2.jpg,1,1,0.01351778,0.65812802,0.0014221775,0.0074502383,0.0026687388,0.0011291334,0.0081590973,0.21672285,0.090802073
20170920-162413-3.jpg,2,2,0.00025040441,2.9932997e-05,0.98082525,0.0005257547,0.0076521998,3.1793421e-05,0.00033778156,0.00036776543,0.0099791177
20171219-094732-2.jpg,8,8,0.00017347414,0.00021573564,3.2662847e-05,0.0030077689,0.00028115933,0.00031938317,4.6213889e-05,5.1318973e-05,0.99587244
20180112-092057-1.jpg,8,8,0.0010815441,0.0011963823,0.00060877256,0.00080590282,0.0085221753,9.1674978e-05,0.03290445,0.0021361103,0.95265293
20170217-100309-0.jpg,7,7,0.00031386767,0.00086001831,3.5892219e-06,3.236952e-05,1.9759509e-06,0.00053335424,0.01798239,0.94411361,0.03615877
20180125-100234-2.jpg,8,8,0.00030082077,0.00011087336,3.8150355e-07,0.02453229,6.5092929e-05,0.0020752002,0.00011885054,0.00010996837,0.97268671
20171109-071703-1.jpg,5,5,0.1029985,0.025283536,1.6833714e-05,0.00010712734,4.2627104e-05,0.67920017,0.041875564,0.077254809,0.073220842
20180112-073844-1.jpg,8,8,0.017015679,0.0046920651,0.0001051996,0.00019842677,0.0018794169,0.00033306374,0.0001207216,0.04099847,0.93465698
20170404-153707-0.jpg,7,7,0.075782895,0.04467177,8.6029577e-05,0.0018504128,0.00018442862,0.0095075341,9.2272676e-05,0.84762001,0.020204617
20171205-123635-2.jpg,8,8,0.018560255,0.014358176,3.5844943e-05,0.00028072024,7.1944844e-05,0.010567349,3.7034562e-05,0.037341554,0.91874713
20170727-125612-3.jpg,4,4,0.0013660737,2.9702031e-05,0.018082894,0.0021183505,0.79951584,0.00015265611,0.00027072534,0.00097212393,0.17749166
20171218-122318-3.jpg,8,8,0.00026794747,0.00042611797,1.3194144e-05,0.00016419134,0.00014314905,0.0014845898,0.0030677044,0.00050170434,0.99393153
20171025-074453-2.jpg,3,8,0.0053647058,0.010466197,0.00056500133,0.36145666,0.010173619,3.5477377e-05,0.0013602223,0.0072658635,0.60331219
20180322-130936-1.jpg,8,8,0.043196701,0.008437492,0.0021307457,0.068200476,0.052265167,0.0020441546,0.003920957,0.069055423,0.75074887
20180322-103032-2.jpg,8,8,0.0026617057,0.000828869,0.00018190255,0.00465653,0.22603182,0.00043937608,8.6085856e-05,0.0086669903,0.75644672
20170906-115312-1.jpg,3,3,0.0019165638,0.00087801967,0.0017488414,0.42281362,0.39277691,0.00023502001,0.00019476625,0.0014151026,0.17802119
20180112-104200-2.jpg,8,8,0.010357969,0.0013577709,0.032908045,0.11752773,0.0246155,0.00049278908,0.010484533,0.024518047,0.77773762
20171025-074750-2.jpg,3,3,0.0034452411,0.010438502,2.2493567e-05,0.84652889,0.0053467811,3.9989362e-05,0.00045453533,0.0043937592,0.12932982
20171109-074838-3.jpg,5,5,6.6545732e-07,1.1709128e-06,7.9347169e-09,5.1704126e-07,6.5455827e-09,0.99987924,1.1498439e-05,1.0947252e-07,0.00010676983
20170913-105658-2.jpg,3,3,0.00025132622,0.000115242,4.4031218e-05,0.99193162,0.0023422504,5.6321944e-05,0.0001283891,2.3884058e-05,0.005107
20171219-095838-3.jpg,8,8,0.00031566009,0.00033185008,4.1741582e-06,7.9979e-05,0.00024652798,0.00010631295,3.356973e-05,0.00073347689,0.99814856
20180109-103216-1.jpg,8,8,0.039382167,0.0037327576,0.0021930905,0.4233745,0.0039490201,7.3130555e-05,0.0010408218,0.0194542,0.50680029
20171113-094355-3.jpg,5,5,0.00088734465,0.00036103462,6.062136e-06,9.539476e-05,1.3179657e-05,0.84507829,0.00035646826,0.00040508027,0.15279718
20180125-091359-1.jpg,8,8,2.5090458e-06,2.1794642e-06,9.9517433e-07,1.0692414e-06,8.0866339e-06,6.500008e-07,1.0319005e-06,1.7360402e-06,0.99998176
20171113-095713-1.jpg,5,8,0.058260456,0.0025613101,7.8076147e-05,0.0077804402,0.00016541794,0.22741823,0.00065196131,0.13577674,0.56730747
20170906-113951-1.jpg,3,8,0.0032551484,0.0032730177,2.6397634e-05,0.41125819,0.00050766423,0.009181248,0.0024999741,0.018226925,0.5517714
20170707-115123-0.jpg,0,4,0.084062979,0.0067171794,0.01907777,0.24257159,0.40069434,0.0015097397,0.0011289186,0.15627435,0.087963179
20170714-141314-3.jpg,1,1,0.025082774,0.41768244,0.0006913002,0.017082181,0.010167545,0.0019387365,0.0091718994,0.40159503,0.11658804
20170610-120826-0.jpg,1,3,0.029827882,0.22268088,4.5451136e-05,0.42734548,0.00055895164,0.0019268821,0.0037661279,0.060331631,0.25351667
20180105-092156-3.jpg,8,8,6.0159291e-05,0.00010544097,1.212097e-06,3.7634232e-05,1.4802544e-05,0.0014504205,0.0015764652,7.213073e-05,0.99668175
20180109-090217-1.jpg,8,8,4.3482847e-05,4.7774738e-05,4.8718612e-06,6.2535801e-05,7.3419054e-05,5.3837794e-06,0.00015616539,0.00016112754,0.99944526
20171025-090551-2.jpg,3,3,0.042983349,0.0079628155,0.014325952,0.74390119,0.065541014,0.001054548,0.00016686486,0.05431686,0.069747269
20170920-112247-2.jpg,2,2,0.00077172078,2.7725255e-05,0.54683244,0.0038109145,0.34204257,0.00016598705,0.00042202027,0.0052826921,0.10064392
20171219-113245-2.jpg,8,8,0.0035556373,0.00012143271,0.0048035155,0.0024464747,0.44742343,0.0091148186,0.00085819251,0.0010683828,0.53060806
20180112-070555-2.jpg,8,8,0.021313125,0.002062896,6.0311842e-05,0.0061393678,0.0051289299,9.3815266e-05,3.4535624e-05,0.031261321,0.93390548
20180109-075616-2.jpg,8,4,0.022447558,0.0016796241,0.02565499,0.07742323,0.41777566,0.00038330574,0.0030534731,0.065658487,0.38592353
20171218-121243-3.jpg,8,8,0.0092265029,0.054248922,2.7410279e-05,0.0081098583,0.0001175442,0.052238345,0.0097784391,0.025468936,0.84078401
20171109-090609-3.jpg,5,5,1.125652e-06,1.4867878e-06,1.7248691e-09,8.081791e-07,4.5473727e-09,0.99993253,1.0241885e-05,1.8461026e-07,5.3601852e-05
20170715-101619-1.jpg,1,1,0.00037382319,0.94546437,7.5699768e-07,6.1445103e-06,4.9522936e-07,0.00048816498,0.050251111,8.612081e-05,0.0033289294
20171025-092413-1.jpg,3,3,0.0011024151,4.2614756e-05,4.4880089e-06,0.98591775,0.00093291275,2.3306764e-06,1.0740058e-06,0.00015886528,0.01183749
20180322-114315-2.jpg,8,8,0.0085234409,0.0073607494,0.00017038755,0.020111993,0.048260454,0.00026136593,0.00018500896,0.013422619,0.90170395
20170315-085729-0.jpg,8,8,0.0068670786,0.018194538,0.00083497609,0.02050093,0.0086437585,0.028794028,0.01920555,0.015551689,0.88140738
20180112-081645-2.jpg,8,8,0.12381072,0.00080178241,0.00047313148,0.032271136,0.033976983,0.00011846276,3.3465491e-05,0.1647246,0.64378971
20180109-104207-2.jpg,8,8,0.013330343,0.002457228,0.030622313,0.021156032,0.10489008,0.00028359372,0.0033699227,0.039995246,0.78389531
20170727-125736-1.jpg,4,4,0.00058076187,7.3689196e-05,0.0058447765,0.00022990517,0.80777466,0.00011301084,0.00066923804,0.0019527054,0.18276119
20171121-082317-1.jpg,6,6,0.0023635896,0.00095955067,0.00028028624,0.00045222149,0.00042921805,0.00011096086,0.92219758,0.013475897,0.059730709
20180109-070411-2.jpg,8,8,3.6701254e-06,7.0312482e-05,4.0241244e-05,3.8673115e-06,3.0819567e-05,1.1036564e-06,0.0014856965,2.6371467e-06,0.99836177
20171220-082553-2.jpg,8,8,0.00015344504,0.00017111959,6.5789834e-07,0.00035015692,8.7753424e-06,0.10200321,0.0011931171,8.6475316e-05,0.89603299
20171102-122100-1.jpg,2,8,0.015799403,0.0058817673,0.12062438,0.08779633,0.022321681,0.00032992827,0.0015184953,0.035114486,0.71061355
20171218-121357-3.jpg,8,8,0.00055641326,0.0051985066,3.0733994e-05,0.0005015221,2.8379498e-05,0.0093191694,0.0038720469,0.002064755,0.97842866
20180125-100709-2.jpg,8,8,2.7763015e-06,5.1279408e-06,1.5991938e-05,0.00010818361,5.288492e-05,0.00016654133,0.0028404288,8.2960457e-07,0.99680722
20171220-092316-2.jpg,8,8,0.0050214902,0.013583429,2.3607567e-05,0.004017734,3.2809887e-05,0.061331645,0.0015358559,0.0018377299,0.91261566
20180112-100547-2.jpg,8,8,0.066582553,0.0041193599,0.00033591891,0.017645342,0.007850701,0.0001526819,4.1864972e-05,0.022341724,0.88092977
20171113-132641-3.jpg,6,6,2.5991572e-05,0.00011418845,4.7496096e-06,2.7900273e-06,1.1656388e-05,1.9208139e-06,0.99935371,8.5844331e-05,0.00039911194
20171212-094641-1.jpg,8,1,0.0075166365,0.60945237,7.6390661e-06,0.032492142,6.2668274e-05,0.0013536192,0.0042348718,0.037745614,0.30713436
20180112-070140-2.jpg,8,8,0.058927819,0.02522644,0.0013760965,0.0041660722,0.0072813104,0.0022104129,0.00048404932,0.19050662,0.70982128
20180109-075558-2.jpg,8,6,0.00015489993,0.0014654957,0.00011619052,9.6240939e-05,4.2465861e-05,0.00030902924,0.83796477,0.00066961331,0.15918137
20180322-104043-1.jpg,8,8,0.0015607371,0.001952739,3.112197e-05,0.0040207971,0.017146781,5.5977889e-05,3.5259862e-05,0.0051677516,0.97002876
20171113-120204-2.jpg,6,6,0.00089739717,0.0014538575,0.00018893454,0.00020753409,0.00051226449,0.00031788697,0.97357821,0.0030390911,0.01980477
20170913-103852-2.jpg,3,3,0.0022443312,0.00019292299,0.0013552195,0.81915683,0.018694423,0.060656495,0.00090595154,0.00044289147,0.096351035
20171219-112643-2.jpg,8,8,0.0010150332,0.00070147985,0.0017441792,0.15577272,0.027246548,0.00016176204,0.0098265158,0.0026201978,0.80091166
20170920-163000-3.jpg,2,2,0.0013560568,0.0012485173,0.9260686,0.0058959224,0.02879318,0.003809548,0.0025538134,0.0006929143,0.029581441
20180119-110357-1.jpg,8,8,0.0027098188,0.071723923,7.5674412e-05,0.00032300112,5.9986483e-05,0.0025308176,0.0036427702,0.0034053551,0.91552866
20170714-120717-2.jpg,1,1,0.025072372,0.72477359,0.00015746235,0.012885526,0.002147946,0.00046955515,0.00024399515,0.070669629,0.16357997
20170711-114210-0.jpg,0,4,0.044521898,0.0090799164,0.014516381,0.19990352,0.4964402,0.00020043702,0.0023033635,0.075063594,0.15797071
20170727-164330-1.jpg,4,4,0.00023084279,2.3163104e-05,3.1636064e-05,0.0015455979,0.97219276,3.4792652e-06,1.3182761e-06,0.00037616672,0.025595058
20170727-135629-1.jpg,4,4,0.00022857432,2.3007384e-05,6.1945058e-05,0.0011127226,0.96299541,1.0555127e-05,1.4474032e-05,0.0017055628,0.033847779
20180105-092433-3.jpg,8,8,4.8561037e-06,2.9364851e-06,0.0014034481,8.9927935e-06,0.00015819605,9.1159864e-06,0.00082713034,3.414777e-06,0.99758172
20171113-150751-3.jpg,6,6,4.3495496e-05,0.00040484828,4.8532958e-05,5.1601957e-05,6.615524e-05,0.00041932476,0.51633763,7.2807488e-05,0.48255554
20171219-102519-2.jpg,8,8,0.0068255328,0.0029607918,0.00050916645,0.014372072,0.052326638,5.8512524e-05,7.6282988e-05,0.014849653,0.90802121
20180322-104109-2.jpg,8,8,0.0028031417,0.0011557315,8.6437009e-05,0.0003565964,0.0080814604,0.00059759564,7.2624593e-05,0.0038073058,0.98303914
20170704-150722-0.jpg,7,8,0.026913336,0.10452677,0.0027209488,0.020421756,0.2089916,0.00075449469,0.012085001,0.052453365,0.57113278
20170714-175853-1.jpg,1,1,0.00013318274,0.99968016,3.356223e-07,4.7229128e-06,2.4089414e-07,6.1087945e-07,8.7885765e-06,0.00013997033,3.1861411e-05
20180109-072729-2.jpg,8,8,0.00051954354,0.0040071402,0.015678387,0.00078561454,0.00408886,0.0002743245,0.11257469,0.0015348389,0.86053652
20180112-103024-1.jpg,8,8,7.9393802e-05,1.9854717e-05,3.2740686e-06,3.4095956e-05,2.0288029e-05,3.9807965e-05,2.3062339e-05,2.3002285e-05,0.99975723
20171121-081945-2.jpg,6,6,1.8101455e-05,0.001022254,1.0537556e-06,3.5409118e-06,7.3701773e-07,9.2725495e-06,0.99784815,0.00017581672,0.00092113216
20171113-131947-2.jpg,6,6,0.00026709295,0.00073325535,0.00018700624,0.00043042187,0.00071744132,0.00021734809,0.71262676,0.00063220755,0.28418848
20171219-114106-2.jpg,8,8,0.00067944627,6.0175535e-05,0.0093003344,0.0034827197,0.02780569,1.6898879e-05,0.0004479278,0.0014342051,0.95677257
20171212-102805-3.jpg,8,8,0.007293846,0.03501194,5.495187e-05,0.0076832958,0.00095065968,0.00093249459,0.082701154,0.024728784,0.84064299
20180109-070109-2.jpg,8,8,3.5464984e-06,6.9820612e-06,1.1679935e-05,6.4668661e-06,1.6366688e-05,4.304406e-05,0.04760626,1.5298883e-06,0.95230412
20171109-092448-1.jpg,5,5,0.00011500041,0.0003064441,2.2300182e-07,1.6362454e-05,6.131495e-07,0.99500942,0.00010485086,4.4009157e-05,0.0044031097
20180109-071431-1.jpg,8,8,0.00022224008,0.0034079866,8.5389029e-06,0.002288409,0.00049336808,0.012681028,0.068554744,0.0006712295,0.91167241
20170128-102458-0.jpg,8,8,0.18771243,0.052569821,0.001255207,0.041101992,0.0169114,0.0060195974,0.00049098273,0.15441585,0.53952277
20171220-085302-3.jpg,8,8,0.0015623203,0.00050316058,7.8733974e-06,0.00078623008,1.7894043e-05,0.00010208567,0.00024565801,0.0016351753,0.99513948
20171109-091717-3.jpg,5,5,1.2177327e-06,3.3663907e-06,1.7461558e-08,1.3282215e-06,3.3998706e-08,0.9997806,4.2605094e-05,1.4773049e-06,0.00016941827
20180125-134059-2.jpg,8,8,0.00082933978,0.0030709025,5.2753061e-05,0.012752589,0.0013921696,0.00031689167,0.0032662633,0.0022040571,0.97611517
20171219-112008-3.jpg,8,8,6.9114139e-05,5.6005706e-06,0.011932086,0.00019769446,0.014817028,3.0560983e-05,0.0022577127,7.8102741e-05,0.97061217
20180119-105930-1.jpg,8,8,0.00048803521,0.0014582399,1.7991444e-05,0.00026206259,0.00023649544,0.00047404962,0.0023969396,0.00081081345,0.99385542
20180125-091650-2.jpg,8,8,0.00080480101,4.3925997e-05,0.00037496351,0.00073927804,0.021061344,4.8501788e-05,0.0043451153,0.00091530744,0.97166687
20170610-123642-0.jpg,1,8,0.014127546,0.45816451,7.0812363e-05,0.003583234,0.00038056687,0.00061267719,0.014746699,0.0099725453,0.49834135
20171113-061016-1.jpg,6,6,5.3874512e-05,0.0012478739,1.0545506e-05,1.0057969e-05,7.6342785e-06,2.0374566e-05,0.97969878,0.00014001959,0.018810855
20171220-090310-2.jpg,8,8,0.001700952,0.0002797576,9.3707722e-06,0.00053161592,0.00031466832,2.4548885e-05,2.8842547e-05,0.0010733419,0.99603695
20180125-134407-2.jpg,8,8,0.0036195768,0.017399874,6.4447893e-05,0.0083643282,0.11482723,0.00012138207,4.8664802e-05,0.025746346,0.82980812
20180109-095028-2.jpg,8,8,0.0018719009,0.00020038907,0.0010412107,0.0019246333,0.0058191381,7.0057111e-05,0.00024964259,0.0033738445,0.98544937
20171109-070827-1.jpg,5,5,0.0048844093,0.047068778,1.2630787e-05,0.0011410606,0.00010386835,0.79722834,0.020580191,0.018738136,0.11024255
20180112-071116-2.jpg,8,8,0.0079691578,0.0018269124,0.0018202101,0.0026266549,0.15712135,0.00035883446,0.004414381,0.012000813,0.81186163
20170811-130413-2.jpg,0,0,0.9756186,0.00013673416,7.7676341e-05,2.5691121e-05,0.00099978142,0.00014593554,1.1946741e-05,0.015840096,0.0071434365
20170711-114320-0.jpg,0,4,0.010179201,0.003643496,0.020787492,0.030459696,0.55830801,0.00021760115,0.0019942769,0.06215455,0.3122558
20171218-103746-2.jpg,8,6,0.019948175,0.07887055,1.1674773e-05,0.00053454936,3.0678075e-05,0.0063173031,0.41261795,0.40298659,0.078682572
20170315-085646-0.jpg,8,8,0.055171009,0.010549096,0.00015119054,0.0018073331,0.00052238896,0.0075659137,0.00069252204,0.025227135,0.89831352
20170906-110255-1.jpg,3,3,0.01005322,0.0068144514,4.0602332e-05,0.87705398,0.01676394,0.00053229125,2.6717273e-05,0.0032375758,0.085477188
20170127-103224-0.jpg,1,1,0.0027615333,0.96060026,8.1665094e-06,0.0011791523,2.3204395e-05,0.00043844781,0.0023219683,0.010557562,0.022109704
20180105-101003-3.jpg,8,8,1.4999042e-05,8.9887935e-06,4.9904676e-05,1.1007472e-05,8.1069978e-05,1.1643139e-05,0.00089597201,8.6452455e-06,0.99891782
20171113-123718-3.jpg,6,6,1.9775311e-05,0.00076569564,3.0540512e-05,1.5873338e-05,2.795721e-05,5.9902668e-05,0.98365861,0.00013855349,0.015283079
20170210-133518-0.jpg,0,0,0.8236084,0.0036393942,0.00018803688,0.0040545939,0.00032853658,0.0021788157,8.0043814e-05,0.068262473,0.097659767
20180112-093449-1.jpg,8,8,0.0011695194,0.0012199248,1.8103301e-05,6.6720291e-05,0.00017960047,5.0378676e-05,0.0022657742,0.00041469649,0.99461502
20170920-180729-1.jpg,2,2,0.036835466,0.01816613,0.42233875,0.012471918,0.15433922,0.31194901,0.00076443981,0.0069335252,0.036201462
20170906-115342-1.jpg,3,4,0.022136785,0.00030926129,0.072290987,0.046128299,0.60891998,0.00015342898,0.00081664411,0.020115796,0.22912878
20180105-104452-1.jpg,8,8,1.1503155e-05,0.00014411076,8.7832079e-05,4.8612084e-05,0.00010142165,1.4653289e-05,0.022236962,1.9997982e-05,0.9773348
20180109-072650-2.jpg,8,8,0.0009534515,0.0027648085,0.00043628487,0.0030837373,0.010842165,0.00053434016,0.050237641,0.0029237517,0.92822367
20171102-121407-1.jpg,2,2,6.7325665e-05,3.2010339e-05,0.95554662,0.00011536208,0.0054487502,0.0001988757,0.0012315838,2.7759923e-05,0.037331641
20180109-071922-1.jpg,8,8,0.0068075135,0.0020295349,4.6407094e-05,0.00052691624,0.00054610881,0.00090336276,0.21140209,0.0016836589,0.77605432
20170315-085332-0.jpg,8,8,0.0020609582,0.13427894,7.6358538e-06,0.006379134,4.5753644e-05,0.0020227483,0.0073232823,0.0086835399,0.83919823
20171113-091651-1.jpg,5,5,0.0016313449,0.00023998811,0.00028994482,0.0005862735,0.00034719362,0.99219209,0.00095189631,0.0014357819,0.0023254647
20171203-164511-3.jpg,8,8,0.0012511221,0.0020385196,8.5721404e-05,0.00083586032,0.0012605597,0.00010097762,0.00073411944,0.00048147389,0.99321151
20170718-095237-2.jpg,0,3,0.056265891,0.002961312,0.014679024,0.27741024,0.26289457,0.047199231,0.0017219339,0.063595116,0.27327272
20170217-120132-0.jpg,0,0,0.69507229,0.095593855,2.0802212e-05,0.00021469516,3.4580979e-05,0.014150213,0.00013288953,0.17339215,0.021388553
20180109-074514-2.jpg,8,8,0.011003202,0.00022758268,1.8399869e-05,0.00026221049,3.1153904e-05,0.0051063467,0.0085889501,0.0028412226,0.97192097
20180105-093421-3.jpg,8,8,0.0010055674,0.0057811523,0.036793638,0.0018924248,0.032940924,0.00018090454,0.068476535,0.0019315263,0.85099739
20180322-103056-1.jpg,8,8,0.00024290898,6.3198815e-05,9.5118448e-05,0.0018629062,0.13085435,5.3016112e-05,0.00011759784,0.00043681709,0.86627406
20171203-172950-3.jpg,8,8,0.0016057848,0.018547352,7.6642376e-05,0.0031749166,0.00071823836,0.0014142061,0.015631169,0.0010695292,0.95776218
20171109-085643-2.jpg,5,5,0.00015551265,0.00013364834,1.2965667e-06,0.00029476854,7.6489587e-06,0.90948635,0.00084809144,0.00016249165,0.088910185
20180109-073104-2.jpg,8,8,0.00032930024,0.0036224357,6.7157191e-05,0.00022569159,0.00065682345,0.00019645935,0.045062568,0.00047805958,0.94936156
20180119-104527-2.jpg,8,8,0.0022002605,0.001033897,0.0071109929,0.0025340074,0.0088260807,7.1508366e-05,0.00072856707,0.0067293718,0.97076529
20171218-105943-3.jpg,8,8,0.012069856,0.074808054,3.5724712e-05,0.0052579581,0.00017862543,0.0046607167,0.0047035352,0.0096480558,0.88863754
20171218-104434-3.jpg,8,8,0.04357294,0.005823269,0.00010852274,0.0021338461,0.00048145608,0.0022555215,0.0044503296,0.009931013,0.931243
20180109-080120-1.jpg,8,8,1.2813408e-06,2.8487236e-07,4.2190073e-05,1.6946411e-06,1.8679732e-05,7.2598817e-07,0.00024280658,8.2268059e-07,0.99969161
20180125-093647-2.jpg,8,8,0.00045959576,0.0042109732,7.1617737e-06,0.011772352,0.015720002,8.7304243e-06,0.00016267029,0.00075529522,0.96690327
20170727-135756-1.jpg,4,4,0.00038678679,1.5134911e-05,4.0272334e-05,0.0019726474,0.98007154,5.4951624e-06,2.7218455e-05,0.0017265494,0.015754338
20180105-100450-2.jpg,8,8,7.5116761e-05,0.00012293592,0.00083956105,0.00010436461,0.001855869,1.6340355e-05,0.0037252724,0.00010385685,0.99315685
20171113-142841-2.jpg,6,1,0.0012644952,0.82864738,0.00014046716,0.00012315667,4.5102985e-05,0.00025774367,0.1432422,0.01784244,0.0084369769
20180105-101110-3.jpg,8,8,0.0002266392,0.0011700024,0.0061421804,0.00023163087,0.0022640342,3.1589989e-05,0.013593322,0.00033276479,0.97600776
20171212-094357-1.jpg,8,8,5.9133352e-05,0.0015360691,1.5148382e-07,0.0011816074,2.571704e-06,0.000341576,0.00015868126,0.00019759015,0.99652267
20170718-132324-2.jpg,7,7,0.015686391,0.13880409,0.00024180843,0.0033313236,0.00033049041,0.00041975052,0.0017561908,0.82160872,0.017821208
20180109-070708-1.jpg,8,8,0.00037505475,0.00028863351,8.4316569e-05,0.00014196509,0.0010735394,0.00040874776,0.0030089098,0.00023293943,0.99438596
20171212-095218-3.jpg,8,8,0.00014258022,0.00032133583,5.2991521e-07,0.00017698274,2.0140878e-05,5.2344196e-05,5.886002e-05,0.00017828833,0.99904901
20171219-102923-3.jpg,8,8,0.011439616,0.0079327049,2.7342508e-05,0.23511083,0.00069374783,0.00015856363,1.8016472e-05,0.0071171843,0.73750198
20170728-120233-2.jpg,4,4,0.0012014784,0.00012224006,0.0039704242,0.066110678,0.62474507,0.030075165,0.0015162914,0.00027895343,0.2719796
20170913-101306-2.jpg,3,8,0.0052135554,0.0082115205,0.00028979158,0.075162955,0.04571595,0.028572883,0.00022527574,0.0059546917,0.83065331
20180109-102657-1.jpg,8,8,0.0055445842,0.0022553871,0.00010625744,0.021685723,0.034807235,1.107077e-05,1.6314794e-05,0.017829003,0.91774452
20170920-163212-3.jpg,2,2,3.9150182e-05,8.3832601e-06,0.98181689,0.00011420424,0.012375751,1.046718e-05,0.0003110035,3.8436217e-05,0.005285807
20170129-103949-0.jpg,8,8,0.12628162,0.069949187,0.0050261864,0.025581727,0.0032791013,0.012389913,0.004409682,0.21607603,0.53700668
20171121-082411-2.jpg,6,6,0.00015729331,0.0055103838,2.5760056e-07,2.1005656e-06,6.5767375e-07,0.00016510251,0.99296039,0.00075594411,0.00044788912
20180125-135545-3.jpg,8,8,0.015242843,0.031322002,0.00018065347,0.0032402964,0.030679731,0.0003549328,0.00069047807,0.033618942,0.88467008
20180322-112439-2.jpg,8,8,0.00075608981,0.00060909352,4.0253972e-06,0.00021507312,0.00036610509,0.00035674337,1.9460513e-05,0.0006891255,0.99698418
20170920-101316-2.jpg,2,2,0.00021513662,0.00011082493,0.94972408,0.00077195489,0.04137592,7.9599493e-05,0.0012624901,0.00014081381,0.0063192691
20171113-135243-1.jpg,6,6,0.00039972898,0.0022475,5.3536513e-07,2.1960291e-06,1.3841097e-06,0.00023628156,0.99655968,0.00012071086,0.00043195291
20171113-142940-3.jpg,6,6,3.7939248e-05,0.004763463,2.5057163e-05,7.5335302e-05,3.2819251e-05,1.8919931e-05,0.98950118,0.00037722237,0.0051680701
20170714-140404-1.jpg,1,1,0.00015742764,0.99977058,3.4039875e-09,3.5875834e-07,7.6931732e-09,1.2445097e-08,8.1777824e-07,6.6769506e-05,4.0477535e-06
20170714-135825-2.jpg,1,1,0.0015434992,0.98163009,1.1899684e-06,0.0019514011,4.6299541e-05,4.4050008e-05,0.0010880347,0.0016603296,0.012035191
20170705-161208-0.jpg,7,4,0.022630075,0.00010317814,0.00076301605,0.18703479,0.71868092,9.2701717e-05,2.4906469e-05,0.019073738,0.051596686
20180322-112015-1.jpg,8,8,0.021066254,0.0032337634,0.010735334,0.22678657,0.02951112,0.00016492324,8.3000617e-05,0.021284305,0.68713474
20171219-113951-3.jpg,8,2,0.00065316324,0.00021172877,0.92021722,0.0010575298,0.017726358,0.00023867864,0.0025247682,0.0014293308,0.055941183
20170804-132603-1.jpg,1,8,0.15822414,0.093615294,9.1265957e-07,0.0024398721,1.8753877e-05,0.046533287,0.012094981,0.007388738,0.67968416
20171219-095342-2.jpg,8,8,0.016424179,0.057615999,9.6852993e-05,0.0021484755,0.002661254,0.00029807357,0.00029050955,0.045363884,0.87510085
20170920-101904-2.jpg,2,2,1.9770028e-05,8.1578673e-06,0.99798799,8.6294633e-05,0.0015111917,3.783061e-05,8.3765437e-05,5.3309609e-06,0.00025968917
20170128-103940-0.jpg,8,8,0.0063079046,0.0059546879,7.6302436e-05,0.0036442133,0.005315138,4.4299108e-05,0.00077359221,0.018384995,0.959499
20171121-091316-1.jpg,6,6,1.6872074e-05,0.0014119461,4.6486454e-07,2.6330117e-06,5.1565706e-07,4.1146222e-06,0.99789584,0.00025390973,0.00041378968
20171212-094139-3.jpg,8,8,0.00010295911,0.00010752313,1.2102352e-07,0.00090012909,9.5169504e-05,1.1622547e-05,4.6685432e-06,5.6431629e-05,0.99872142
20170630-155353-0.jpg,7,7,0.10338142,0.12298848,3.7671391e-05,0.001269117,9.1800306e-05,0.00035280103,0.0041188896,0.73297858,0.034781184
20180109-091508-2.jpg,8,8,0.00058734824,0.00027771632,8.1338394e-06,0.00013517785,9.6673848e-06,0.024554517,0.001231335,0.0013701523,0.9718259
20171102-103736-2.jpg,2,2,0.0003033317,0.000317522,0.96325433,0.0074619846,0.016408173,0.00013147781,0.00041725737,0.00030932855,0.011396592
20171113-144155-2.jpg,6,6,0.0007306824,0.0035464072,0.00023913014,0.00018973228,0.00029831522,0.00018631236,0.98285311,0.0016066033,0.010349755
20171109-085101-2.jpg,5,5,0.0051483726,0.0049641742,4.546138e-05,0.041729461,0.00011275829,0.57056439,0.012981967,0.0059016566,0.35855168
20170920-160318-3.jpg,2,2,2.9816878e-05,8.6490336e-06,0.99567491,0.00045937742,0.00069996837,0.0029098757,2.6222819e-05,2.1841088e-06,0.00018906033
20170920-183454-1.jpg,2,2,0.00085074169,0.00070550019,0.77515566,0.0024577125,0.1504374,0.0012816747,0.00089436671,0.000464254,0.067752734
20180125-130437-3.jpg,8,8,0.00013726526,6.6837281e-05,1.2052399e-05,0.00014328564,0.0009882038,7.6429751e-06,5.9947994e-05,0.0002091046,0.99837565
20170729-092837-2.jpg,4,4,0.0011674277,0.00038397635,0.088877872,0.0055547133,0.77178568,4.3536285e-05,0.0033068804,0.0025793929,0.12630044
20180119-110148-2.jpg,8,8,0.034219094,0.02419007,0.0041956613,0.012638768,0.010387081,0.0019690802,0.00094980694,0.066851303,0.84459907
20170727-114216-3.jpg,4,4,0.0038113259,0.00018104496,0.0015432169,0.0011869861,0.50282478,0.0062887422,0.00032222256,0.0033764287,0.4804652
20180112-071430-2.jpg,8,8,0.0076304949,0.002320918,0.00062893884,0.0063125747,0.15298116,0.0001584797,0.0013689513,0.02041907,0.8081795
20171121-074902-1.jpg,6,6,1.5201689e-05,0.00052159524,1.3532349e-07,2.0823097e-07,2.4920223e-07,4.2284441e-06,0.99924195,0.00019151614,2.4923269e-05
20171102-120012-1.jpg,2,2,9.4941301e-05,8.5603442e-06,0.99618322,0.00042395416,0.00060247158,9.7550292e-05,9.4756142e-05,5.5571614e-05,0.0024389911
20170728-152734-2.jpg,4,4,0.0072355475,0.0014142175,0.00017819027,0.060442515,0.66872489,0.0029631276,0.0012516268,0.030997921,0.22679192
20171121-072105-1.jpg,6,6,0.003002855,0.0059836679,7.3732481e-06,0.00019852155,1.7841721e-05,0.0002724088,0.90525091,0.038041465,0.047225043
20171025-075821-1.jpg,3,8,0.014144585,0.0098083718,0.00024093904,0.18671824,0.094748423,1.8974815e-05,0.00046417021,0.009426388,0.68442988
20170920-130713-2.jpg,2,2,0.0040924354,0.00024422497,0.45060346,0.0080151064,0.33583611,0.0016412297,0.0020800759,0.0065228818,0.19096453
20180105-092927-2.jpg,8,8,6.5548709e-05,7.9013014e-05,0.0039043361,0.00011747626,0.0031912581,7.8863806e-05,0.012738721,4.3379587e-05,0.97978151
20171205-134734-2.jpg,8,8,0.03572559,0.025465516,0.00045083079,0.08806508,0.0029422189,0.067655236,0.017203746,0.036864609,0.72562706
20171102-123122-2.jpg,2,2,1.0154304e-05,2.8388922e-06,0.9997378,1.8824489e-05,4.1504438e-05,6.4844344e-06,4.888951e-06,6.4145206e-06,0.00017112722
20170727-171448-1.jpg,4,4,0.0064140358,0.00092511001,0.0084452536,0.014135993,0.61374301,0.00010079287,0.001120057,0.029371018,0.32574466
20180109-070327-2.jpg,8,8,1.7533837e-05,8.6939581e-05,0.006213529,0.00033560945,0.00058636977,0.00012453164,0.01556999,1.5616213e-05,0.97705007
20170130-102210-0.jpg,1,1,0.018895304,0.85024941,0.00011019194,0.0025300509,8.3250256e-05,0.00071083655,0.00077015965,0.07653527,0.050115705
20180112-100645-1.jpg,8,8,0.00072787277,0.00021716263,5.8736828e-06,0.0002352914,2.7420723e-05,0.0003963534,0.00078341924,0.0021395725,0.99546695
20171025-092950-2.jpg,3,3,0.0023741007,8.8161105e-05,0.0001232361,0.98041797,0.0048654256,5.8852283e-06,2.4218723e-05,0.0011223659,0.010978742
20170128-103856-0.jpg,8,3,0.054985568,0.12430713,0.00019498987,0.50235063,0.10397313,0.00010709588,0.0014924566,0.075779855,0.13680921
20180112-092725-2.jpg,8,8,0.23596023,0.0028329773,0.00045252696,0.0030730846,0.011830409,0.0035457008,0.00014685978,0.046402153,0.6957559
20180112-073337-2.jpg,8,8,0.00040417624,4.5328983e-05,8.1326252e-05,0.0009937213,0.0061036707,1.5698943e-05,0.00017437764,0.00036479751,0.99181694
20170304-131624-0.jpg,7,7,0.0071898703,0.0014168648,1.1436654e-06,6.7496308e-06,1.5797294e-06,0.0020871391,2.4628227e-06,0.98684675,0.002447377
20171113-092152-1.jpg,5,5,0.0044324305,3.5794463e-05,5.1996813e-07,7.3195006e-05,3.0001074e-06,0.88663661,6.1828534e-05,0.00054604403,0.1082106
20180322-133453-1.jpg,8,8,0.00499989,0.013073117,1.8073302e-05,0.028639473,0.022438528,0.0010458803,0.00023382467,0.0031778268,0.92637336
20170920-131716-2.jpg,2,2,9.9168506e-07,4.3618726e-07,0.99993217,2.0305806e-05,2.155722e-05,1.0585794e-05,1.8834226e-06,2.5569892e-07,1.1834189e-05
20170913-102316-3.jpg,5,5,0.0014534552,0.0024644397,0.0019181713,0.0044961818,0.0024852117,0.97399592,0.0013126053,0.00031985957,0.011554079
20170217-101954-0.jpg,0,0,0.58647972,0.00011623267,1.2757597e-05,0.00012804262,2.6086227e-05,0.0077470932,0.00098928914,0.0014047177,0.40309614
20170217-144521-0.jpg,7,7,0.0066739703,0.0012731265,5.5633786e-06,0.00017362594,4.7923932e-06,0.00069054909,6.519911e-06,0.98726743,0.0039044276
20170127-102251-0.jpg,1,1,0.011073248,0.78482831,0.00014121129,0.0015292939,0.000340144,0.00045074933,0.06041491,0.024681678,0.11654042
20180112-081230-2.jpg,8,8,0.0057362504,0.00069032353,0.02687446,0.020918956,0.031109581,0.00013561216,0.0031121301,0.0057984982,0.90562415
20171219-103033-3.jpg,8,8,0.0014823499,0.0084816385,4.3942259e-06,0.0019373337,0.00053271261,0.00051506772,3.579176e-05,0.0010568468,0.98595387
20180109-074817-2.jpg,8,8,0.0012035122,0.0008710181,1.9440944e-05,0.00043487444,3.8584476e-05,0.00091043609,0.001536542,0.00035178036,0.99463391
20171109-091107-1.jpg,5,5,0.0009550628,0.00025328339,2.3358014e-07,6.9665716e-06,3.1285106e-07,0.98765659,0.00082014216,0.00039957275,0.0099077392
20170714-142329-2.jpg,1,1,0.062111177,0.83974773,0.00011459855,0.0013890136,0.00018861197,0.0028515458,0.001087847,0.07965555,0.012854015
20171113-143805-2.jpg,6,6,0.00018345175,0.00040039595,2.5592183e-07,1.9463537e-06,3.3164164e-07,0.00081773091,0.9951002,0.0028350656,0.00066071382
20170920-100839-3.jpg,4,8,0.0034832323,0.0010632086,6.979325e-06,0.022425808,0.0033139356,8.252696e-05,1.2551383e-05,0.0016207312,0.96799099
20171102-121531-2.jpg,2,2,0.018482294,0.00084279105,0.73503554,0.036567669,0.086483225,0.00035894156,0.0018501589,0.009869175,0.11051021
20170728-115920-2.jpg,4,4,0.0011065466,8.9695441e-06,0.00050687109,0.042290471,0.95045912,2.2527978e-05,1.5267024e-05,0.00092996628,0.0046600956
20171025-091407-2.jpg,3,3,0.0045844722,1.7798055e-05,1.975638e-05,0.97773349,0.0029966,2.5412235e-06,2.1709366e-06,0.0010385347,0.013604558
20170711-115315-0.jpg,0,8,0.042886861,0.035218146,0.00054331572,0.08377859,0.0077782352,0.0018472355,0.0013114711,0.097124934,0.72951114
20171220-084455-2.jpg,8,8,0.00012340966,0.00056883134,8.0494186e-07,0.0028070258,5.5868899e-05,0.00093440234,2.7985738e-05,5.0131493e-05,0.99543154
20180109-090115-2.jpg,8,8,0.007770868,0.0052041369,0.0023050851,0.037210226,0.00476821,0.033709802,0.052683853,0.0031761311,0.85317165
20170906-113518-1.jpg,3,8,0.0069918088,0.0027711773,3.7762824e-05,0.37257397,0.00050751382,0.01867206,0.012192432,0.051905029,0.53434825
20180112-104311-2.jpg,8,8,0.27275783,0.0010741025,0.02971267,0.011352035,0.028250227,0.0018008221,0.00601542,0.044795711,0.60424119
20171220-082111-2.jpg,8,8,0.045363743,0.0027584119,0.0049484354,0.085706308,0.22196709,0.065025829,0.0011257824,0.033218659,0.5398857
20180322-133418-1.jpg,8,8,0.0024053282,0.0012446593,0.00020510015,0.0010777959,0.007667359,0.0034237534,0.0002689301,0.0049725161,0.97873437
20171102-123304-1.jpg,2,2,4.9015151e-05,6.9616453e-06,0.99827027,0.00027220292,0.00091231265,5.2346631e-06,3.9263981e-05,3.2896358e-05,0.00041188759
20170210-131355-0.jpg,7,7,0.014046141,0.005506794,0.00049857935,0.00081719871,0.00011747573,0.037170079,6.1426537e-05,0.91654474,0.025237523
20171113-134639-1.jpg,6,6,8.5619522e-06,0.0022277792,8.6308859e-07,1.1941439e-05,2.4972699e-06,3.8573089e-06,0.98301226,2.3247401e-05,0.014709025
20171220-083357-3.jpg,8,8,0.038334697,0.001256788,5.9631957e-06,0.0012156662,0.00011700265,0.0076902658,0.0016391778,0.0066358787,0.94310451
20180119-113341-2.jpg,8,8,0.0070437128,0.024562979,0.015276306,0.0066514532,0.24463525,0.0001608349,0.044593528,0.013491184,0.64358479
20170706-112512-0.jpg,7,7,0.049093522,0.014702407,0.00079071929,0.022401545,0.15059556,0.0042646653,7.1716211e-05,0.50112712,0.25695279
20171218-122133-3.jpg,8,8,0.0004926431,0.00092816085,6.8389672e-06,0.0017600367,0.00010607902,0.052667379,0.0008326997,0.00030970736,0.94289643
20170727-171518-1.jpg,4,4,9.0138288e-05,2.908437e-06,0.0001726281,0.00019626073,0.93355572,5.0632502e-06,2.2485734e-05,0.0003084754,0.065646395
20171219-123641-2.jpg,8,8,0.001581464,0.0054389252,0.002446515,0.16612513,0.042498253,0.0070371828,0.075442016,0.002164043,0.69726646
20170217-101133-0.jpg,0,0,0.43276122,0.41958579,0.00029340663,0.00037469596,9.1889422e-05,0.00386392,0.0027541206,0.041313209,0.098961636
20180109-103735-2.jpg,8,8,0.0091293165,0.011370452,0.0010154389,0.012007805,0.0027710777,0.00045995644,0.0032538017,0.031431779,0.9285605
20171025-094328-3.jpg,3,3,0.041805144,0.0018240277,0.036432438,0.82601064,0.03414325,0.00016625892,0.00027222614,0.022007903,0.03733813
20171219-095602-3.jpg,8,8,0.0038328541,0.00013312361,9.0956728e-06,6.5430162e-05,0.0002513213,0.00049084256,4.1555209e-05,0.00070315477,0.99447256
20171113-113911-0.jpg,6,6,0.00010846239,0.0010801856,9.0874602e-07,8.1330418e-06,3.3621347e-06,2.5326897e-05,0.99799109,7.5628886e-05,0.00070688396
20171121-075510-1.jpg,6,8,0.00067089248,0.02221429,0.00012881822,0.0026115463,0.00014904662,0.0037986145,0.28122538,0.0020987086,0.68710268
20170207-153521-0.jpg,0,7,0.065282844,0.002721257,5.5590586e-05,0.00034075079,5.1243471e-05,0.0015923447,0.0026953525,0.86531162,0.061948981
20180322-113816-2.jpg,8,8,0.0034089407,0.00037046356,7.5004493e-05,0.0012508554,0.0006969223,0.00039141069,0.0030713344,0.0034183476,0.98731661
20171113-131606-2.jpg,6,6,9.6884523e-06,5.1312749e-05,0.00014953077,1.2476742e-05,7.4996002e-05,2.1397374e-05,0.76257712,2.6428961e-05,0.23707709
20180109-092228-1.jpg,8,8,5.7111098e-05,2.4337556e-05,6.3310795e-06,6.9225935e-05,0.00015069892,1.5077121e-06,0.00020059787,3.6032507e-05,0.9994542
20180125-100150-2.jpg,8,8,0.0015844663,2.7367565e-05,1.1984897e-05,0.0144407,0.00027051679,0.0065951403,8.9508467e-05,8.2737526e-05,0.9768976
20171113-144021-3.jpg,6,6,0.00040445843,0.012663924,4.7466325e-05,0.00044041497,0.00011309654,0.0019792316,0.66575623,0.00090605841,0.31768918
20170728-124656-2.jpg,4,4,0.00067949702,5.3584066e-05,0.00010856804,0.0034511918,0.96469736,0.00046400598,4.2146992e-05,0.0010326679,0.029470904
20170210-150041-0.jpg,7,8,0.026941638,0.0051172413,9.5850693e-05,0.0003639739,6.3236635e-05,0.0029181503,0.013694076,0.029392077,0.92141366
20171109-090929-2.jpg,5,5,0.00094959966,0.0047506662,6.5232357e-06,0.00048129063,2.2754784e-05,0.76154655,0.057559058,0.0010699162,0.17361373
20170920-113857-2.jpg,2,2,0.0035344744,0.00014339255,0.64862537,0.0020617584,0.19293153,0.0011700089,0.01019327,0.0059603006,0.1353797
20180125-130326-3.jpg,8,8,0.0023732139,0.021328496,9.9599611e-06,0.0029491456,0.0034224833,0.00013215099,0.00044482786,0.0066848891,0.96265483
20180109-070808-2.jpg,8,8,4.3210662e-06,0.0001377548,5.6128963e-05,2.5903844e-06,9.0835056e-06,1.2241513e-06,0.011175962,8.4526073e-06,0.98860455
20170729-154322-3.jpg,4,4,0.00087529473,2.048514e-05,0.0043169558,0.0013061524,0.98310965,6.4459266e-05,2.2001255e-05,0.0014881017,0.0087967971
20171025-090844-2.jpg,3,3,0.0050124088,4.3138265e-05,0.0003141198,0.96705943,0.019505974,7.6181909e-06,3.1292197e-06,0.002840183,0.0052139866
20170210-133954-0.jpg,0,0,0.9471485,0.002889243,1.3517364e-05,1.0389575e-05,8.5485954e-06,0.00015816238,0.00021626175,0.0020148971,0.047540531
20170906-110556-4.jpg,3,3,0.025907381,0.00032116097,0.017866608,0.69726849,0.097982168,7.5882548e-05,0.00039764238,0.030179808,0.13000092
20171121-090718-3.jpg,6,6,0.00016131713,0.0050599938,0.00030310953,0.00016290642,0.00029922929,0.00064293185,0.92818642,0.0005542562,0.064629935
20170128-102020-0.jpg,8,8,0.0030975784,0.0042580031,0.00012532852,0.040873464,0.081409752,8.8656634e-05,0.00071230513,0.0082442211,0.8611905
20170913-124317-1.jpg,5,5,0.0028782971,0.0025250546,0.00010612373,0.0096497256,0.0013641667,0.86503994,0.0010659057,0.0055116112,0.11185927
20171113-123510-3.jpg,6,6,0.011303891,0.024016194,0.00028756869,0.00010264712,9.0914815e-05,0.00093548797,0.90934247,0.038571626,0.01534923
20171220-084826-3.jpg,8,8,0.00011552012,6.0206276e-06,8.1209812e-09,3.0280822e-05,7.5705043e-07,5.789956e-05,3.0658953e-07,1.80971e-05,0.99977106
20170727-170810-3.jpg,4,4,0.00046018173,0.00048956112,6.3684085e-05,0.016532442,0.85476506,2.1812652e-05,0.00045745051,0.0063899998,0.12081984
20170811-111407-2.jpg,0,8,0.12312739,0.0032669494,1.8471215e-05,0.00010782794,0.00012727539,0.00024170619,3.7004206e-06,0.013299327,0.85980731
20180109-100212-1.jpg,8,8,0.0014041868,0.00020183327,2.753045e-05,0.00073004531,0.0017610886,4.0691091e-05,0.00011238578,0.0012046586,0.99451762
20171219-104448-2.jpg,8,8,0.034399614,0.0067509417,0.0014311075,0.0017159277,0.00049863389,0.023939885,0.00040423218,0.0065750699,0.92428476
20180109-110201-2.jpg,8,8,0.00011946903,4.180213e-05,0.00060464646,0.0023578866,0.00067682139,1.4157502e-05,4.4331417e-05,0.00019137069,0.99594951
20171203-165011-3.jpg,8,8,0.0022380881,0.0029862525,2.6462862e-05,0.001476089,0.00011038681,0.0029640519,0.00046377711,0.0010429817,0.98869181
20170704-155311-0.jpg,7,1,0.0045286808,0.95306212,2.3903249e-05,0.0029316705,3.8562677e-05,0.0011528945,0.0017843791,0.024991214,0.011486627
20171102-094504-1.jpg,4,4,0.010752004,0.0038920068,0.0080683408,0.05474183,0.6132527,7.0750735e-05,0.00024772022,0.02120956,0.28776506
20170210-142338-0.jpg,7,7,0.0036023033,0.00062975759,3.9215092e-06,1.0703816e-05,2.7554108e-06,0.0035142684,4.2436013e-06,0.99028546,0.0019466124
20171113-101332-1.jpg,5,5,0.001514699,0.0008296934,3.2989577e-05,0.001532583,7.2214978e-05,0.76705271,0.00046264776,0.00046324069,0.22803916
20170728-152324-1.jpg,4,4,0.0054673594,0.00011772977,0.021318201,0.0048416806,0.83906353,0.014633736,0.00038612564,0.0023032562,0.11186846
20180125-131557-2.jpg,8,8,0.0018516848,0.0037877175,0.0011270129,0.031784948,0.018853949,0.00019657606,0.0015212395,0.0057972693,0.93507975
20171212-095308-1.jpg,8,8,0.0060897442,0.10346318,1.1617133e-06,0.016336063,2.8340339e-05,0.0027459234,0.00030069568,0.0096307779,0.86140418
20180112-092041-1.jpg,8,8,0.00077539968,0.0016264961,0.0002724333,0.0019780435,0.0059681633,4.5802451e-05,0.0031784275,0.0040427637,0.98211253
20170315-090619-0.jpg,8,8,0.039086886,0.0044114823,8.6445552e-06,0.013785646,0.00013404952,0.019135643,0.0012732809,0.010505456,0.91165894
20170913-122134-2.jpg,5,5,0.0044897627,0.0019903374,8.9294605e-05,0.049504291,0.0043261377,0.74211836,0.00061691977,0.001158633,0.19570631
20180112-083234-1.jpg,8,8,0.040488616,0.0052503976,0.00012407902,0.0047703017,0.0090350024,0.00015764614,7.930665e-05,0.32591107,0.6141836
20170217-113113-0.jpg,7,7,0.002871718,0.000176614,1.1308206e-05,2.2324175e-05,8.4047479e-06,0.0039317259,0.0010049809,0.98030144,0.01167152
20170811-114233-2.jpg,0,0,0.53839964,0.053495333,0.00039962944,0.0011857381,0.0047846106,0.0012027579,0.010322281,0.35544336,0.034766681
20170714-115949-1.jpg,1,1,0.044321381,0.84061396,3.8555758e-05,0.00066095759,0.00034978363,0.00023612499,0.005315471,0.075272545,0.033191025
20180112-101211-2.jpg,8,8,0.0061535328,0.01200219,0.00015546946,0.0010992872,8.4168358e-05,0.0024278127,0.0010976441,0.013726232,0.96325362
20180109-102822-2.jpg,8,8,0.011223139,0.012108327,0.0018082212,0.0020252373,0.002275428,0.0020827667,0.00094237179,0.043805093,0.92372924
20180125-132513-3.jpg,8,1,0.033393171,0.44724715,0.00072589074,0.044518854,0.017356239,0.00048317658,0.012778669,0.089718103,0.35377872
20170920-130458-2.jpg,2,2,0.00016031966,0.00021077803,0.94056726,0.00096553832,0.015796011,4.0796123e-05,0.00047708306,0.00022883536,0.041553404
20170920-183850-1.jpg,2,2,1.1090898e-05,3.4160039e-06,0.99841321,5.4361055e-05,0.00091889221,2.2652739e-05,6.8116118e-05,9.6905314e-06,0.00049866433
20170718-095109-2.jpg,0,4,0.039104145,0.0058736559,0.24698783,0.083936751,0.33700472,0.0049032774,0.015748236,0.041398194,0.22504325
20180112-072522-1.jpg,8,8,0.0058780205,0.002494517,9.6903896e-05,0.0010308109,0.012769619,6.0752329e-05,7.7655634e-05,0.030822614,0.94676912
20180125-131041-2.jpg,8,8,0.00040427496,0.00023733778,0.00016718094,0.00010945419,0.00029779813,1.0208252e-05,0.00017764831,0.00031870898,0.99827743
20171218-120517-2.jpg,8,8,0.00023351709,0.0010725724,1.2478081e-06,0.0052074925,3.2106316e-05,0.00037437578,6.2032617e-05,0.00017703311,0.99283957
20180119-114718-1.jpg,8,8,0.0023722472,0.0012714561,0.00012465543,0.0256234,0.0015488524,5.1402469e-05,0.00047928072,0.00057339581,0.96795535
20180119-113452-1.jpg,8,8,0.014075842,0.0050194464,0.00030467208,0.00020118227,0.00089214306,0.00023542134,0.054115497,0.0043632751,0.92079246
20170727-135511-1.jpg,4,4,0.00048136819,0.00018382058,0.00030508754,0.02551366,0.74340606,0.00068962248,0.00023709537,0.00056669611,0.22861658
20180109-103003-2.jpg,8,8,0.0030605334,0.00031075219,0.00029491205,0.0051516956,0.0083306786,1.1856358e-05,5.7156726e-06,0.0094521735,0.97338164
20170718-133451-2.jpg,0,8,0.013097342,0.0052510165,0.0053052208,0.011530152,0.057062894,0.00035800709,0.0017870744,0.020569602,0.88503867
20180322-113447-2.jpg,8,8,0.00067091803,0.00426349,0.0032419073,0.00054634112,0.0020023801,0.0030704199,0.0056198165,0.00089194934,0.97969282
20171122-095537-1.jpg,5,6,0.00015930813,0.0056227958,5.3711883e-05,0.00038043017,1.6266653e-05,0.11694989,0.82196474,0.00070208771,0.054150816
20180105-092846-2.jpg,8,8,6.0496786e-05,0.0010096476,4.5430957e-06,0.00013659059,0.00016348175,0.00010266482,0.0047361054,9.6038159e-05,0.99369037
20180119-110307-1.jpg,8,8,0.00019509943,0.00068541465,0.0001430118,0.00027383096,0.00021258034,2.9954468e-05,0.026996806,0.00031533896,0.97114807
20170711-120306-0.jpg,7,7,0.0042858426,0.047792614,2.4052497e-05,0.00013694607,5.3833257e-05,7.0462745e-05,0.016914714,0.92013007,0.010591434
20180119-110505-1.jpg,8,8,0.015244676,0.013807972,0.00020913569,0.0018024386,0.00034877643,0.0031774906,0.0080804853,0.016241739,0.94108737
20170707-112019-0.jpg,0,8,0.097668342,0.0074302945,0.0060140057,0.086037137,0.065392815,0.0005600783,0.00021780859,0.095374554,0.64130497
20171113-133110-1.jpg,6,6,0.0064568361,0.0079851672,0.00035921001,0.0032952074,0.00043495159,0.0025862628,0.71843928,0.008957264,0.25148588
20171102-123448-2.jpg,2,2,0.0067333919,0.00016370062,0.89038497,0.024399228,0.060285199,0.00018618425,0.00011568052,0.0081782946,0.0095533188
20180322-130558-1.jpg,8,8,0.00051984424,0.00090365804,2.3274373e-05,0.00016402833,0.0015019786,0.0010413522,0.00089993031,0.00084249675,0.99410361
20180322-113157-2.jpg,8,8,0.0030800626,0.00027206895,0.00017546804,0.0007310416,0.033740912,2.6065778e-05,7.797814e-05,0.0037207196,0.95817572
20180119-110957-2.jpg,8,8,0.0004567396,0.12083722,6.6698357e-07,0.00998531,3.3235279e-05,2.5386729e-05,0.0015069303,0.00070543413,0.86644906
20170127-101438-0.jpg,1,1,0.0019402129,0.99048436,4.6359928e-05,0.00020272158,1.8867089e-05,6.1551145e-05,0.00067068718,0.0029660622,0.0036092035
20180125-092922-1.jpg,8,8,0.00010588534,0.00060245499,0.00014094442,0.00015849936,0.00035829059,0.00036356962,0.00085737772,0.00016453043,0.99724835
20180109-090504-1.jpg,8,8,0.0016789701,0.0012581365,7.4815484e-06,0.00081133418,0.00010954317,0.00048338313,0.0014581622,0.0027607824,0.99143219
20170714-115933-3.jpg,1,1,4.5450911e-06,0.99996316,1.7235811e-08,2.0874744e-07,1.0954139e-08,3.2843978e-08,2.5327599e-05,5.5339688e-06,1.2918349e-06
20170126-095350-0.jpg,1,7,0.15703377,0.30965775,8.3227596e-06,6.6464294e-05,5.0448616e-06,0.00020425719,0.00049304822,0.530469,0.0020623393
20171219-101702-2.jpg,8,8,0.0048070359,0.0047404598,0.00010972565,0.0071340897,0.0063399649,0.0014069468,8.2830164e-05,0.0060554291,0.9693234
20170728-153559-1.jpg,4,4,0.0004590835,4.345035e-06,8.322308e-05,0.0019816782,0.98814499,4.0053412e-05,5.5280684e-06,0.00017329786,0.0091077425
20171121-083516-1.jpg,6,6,0.00022052531,0.00034571066,3.8582422e-07,9.4545794e-06,4.8903798e-06,7.1360514e-06,0.9976114,0.0013231399,0.0004773101
20180125-131712-3.jpg,8,8,0.0019106196,0.00036463354,0.0090732537,0.0012140018,0.088212676,0.00014128814,0.0084829703,0.0031963615,0.8874042
20180109-073915-2.jpg,8,8,0.0024152875,0.00021200549,3.1520158e-05,9.6081974e-05,3.9713876e-05,0.00014390265,0.0098984996,0.00036161844,0.98680139
20180322-124839-1.jpg,8,8,0.0026942038,0.0022782786,0.00086170045,0.00042595211,0.0025828613,0.041412897,0.0010365993,0.0042919465,0.94441569
20170727-115633-3.jpg,4,4,0.00085235061,5.4287984e-06,0.082949542,0.00082169019,0.90984362,0.00069528428,6.4304717e-05,0.00035200259,0.0044158408
20170714-114854-3.jpg,1,1,0.00020685166,0.99806064,3.1728598e-07,1.3701721e-05,3.9609529e-07,2.1675821e-06,0.0012527966,0.00028277154,0.00018034164
20170210-132218-0.jpg,7,7,0.0049155727,0.0011267476,5.1116567e-06,5.2289877e-05,9.0071835e-06,0.0015420346,7.84851e-05,0.98454684,0.0077239391
20180119-110535-2.jpg,8,8,0.0043193381,0.0048078303,0.0004554787,0.0019109972,0.0065795742,0.00028853698,0.00099333911,0.005809024,0.97483587
20170704-153529-0.jpg,8,7,0.01676367,0.086762175,3.8322356e-05,0.0049294997,0.0007060768,0.00037133385,9.6175136e-05,0.67582536,0.21450742
20170729-093222-1.jpg,4,4,0.00040296497,4.9131744e-05,0.00063266041,0.0021755379,0.94009596,0.00014152998,0.00053924578,0.0011363922,0.054826565
20180322-104424-1.jpg,8,8,0.00037227361,0.00030334794,6.8414838e-06,0.00036446357,0.0016309249,0.00018340365,7.9756846e-06,0.00067421107,0.99645644
20171025-091538-3.jpg,3,8,0.007317944,0.016864261,0.046954628,0.049983297,0.016714877,0.024138458,0.0090523129,0.042815533,0.78615874
20180322-111917-1.jpg,8,8,0.023893312,0.00095963525,0.0017866407,0.0021652915,0.014252332,0.0005617814,0.00051404291,0.01053714,0.9453299
20171220-084328-2.jpg,8,8,0.00096303644,0.003874606,1.103826e-06,0.0027568692,3.9686991e-05,0.00028107301,0.00025950396,0.00041027882,0.99141395
20171218-112121-3.jpg,8,8,0.0030653032,0.0012429587,4.9057617e-06,0.00039086302,3.1331023e-05,0.0094134994,0.00014676261,0.00056981633,0.98513442
20170920-163223-3.jpg,2,2,0.00039394054,3.6740628e-05,0.92806894,0.00054160139,0.059743814,0.00033891419,0.00077570201,0.00034641734,0.009754098
20170727-171030-3.jpg,4,4,0.0030361835,7.1209768e-05,0.0099805668,0.0027374595,0.58118284,0.00018464806,0.00035045829,0.0120934,0.39036319
20170714-170224-1.jpg,1,1,0.00018773982,0.99950838,4.1031313e-07,1.4599921e-05,3.1873074e-07,9.2111685e-07,6.5825893e-06,0.00013110727,0.00014991294
20180322-113720-2.jpg,8,8,0.0010132961,0.0016057944,0.00018374984,0.00384268,0.011060704,5.7086687e-05,0.00095149921,0.0020258164,0.97925937
20180109-065935-2.jpg,8,8,0.0011020643,0.050448835,0.0042535742,0.0015897834,0.0015402479,0.0015880392,0.10344992,0.0013174815,0.83471018
20180109-101308-2.jpg,8,8,2.0184083e-05,0.00025216551,2.0691455e-06,0.00027095963,3.7629834e-05,5.3715739e-06,0.00086326461,2.9175721e-05,0.99851936
20170714-120748-3.jpg,1,1,0.00078027026,0.99743003,2.0623793e-06,0.00015338132,4.0252239e-06,1.4932832e-05,0.00032997361,0.00063907361,0.00064615061
20171220-082954-3.jpg,8,8,2.1491709e-05,1.2430633e-05,5.0755222e-09,2.5343934e-05,7.4161136e-07,8.9344489e-05,1.8169646e-06,4.8023594e-06,0.99984407
20170714-143829-1.jpg,1,1,0.00022815425,0.99805629,8.4856282e-08,0.00014556559,7.4882018e-07,2.1324886e-06,1.918731e-05,0.00032630513,0.0012215968
20171217-183807-2.jpg,8,4,0.0034015386,0.00021683556,0.00026810804,0.0023893439,0.65008998,7.0252777e-06,0.00040922588,0.0081043039,0.33511364
20180109-075809-2.jpg,8,8,0.036470871,0.010226329,0.033269014,0.0038363566,0.0099613257,0.3747595,0.013900653,0.091612577,0.4259634
20170727-164458-1.jpg,4,4,4.8095793e-05,1.7797728e-06,2.4312867e-05,0.00036172319,0.99406695,2.7335062e-07,5.1894364e-07,0.00034078737,0.005155575
20170714-132614-1.jpg,1,1,4.2142612e-05,0.99977428,2.2579384e-08,5.5549281e-06,6.3034065e-08,5.2438969e-07,1.4135959e-05,9.6248346e-05,6.6956389e-05
20180322-114143-2.jpg,8,8,6.2431951e-05,1.1192246e-05,3.1292979e-07,7.6951428e-06,7.0588445e-05,8.342904e-06,5.951001e-05,1.0366943e-05,0.99976951
20170727-134755-1.jpg,4,4,0.0015171377,1.8650542e-05,0.0065779616,0.013917121,0.96014357,8.1625069e-05,2.7504479e-05,0.0011445958,0.01657198
20171121-073140-1.jpg,6,8,0.0035354432,0.0078049437,0.00065508764,0.0014590708,0.0029227356,0.0026953223,0.21951362,0.0088889217,0.75252473
20180105-100422-2.jpg,8,8,0.0010555611,0.00029433559,0.0024410763,3.8336628e-05,0.0011185519,0.00050116901,0.012669948,0.00015905767,0.98172194
20171220-101611-2.jpg,8,8,0.0024152552,0.0022332538,2.5958193e-06,0.0011841191,1.540596e-05,0.0016955441,0.001238174,0.0071462044,0.98406941
20170210-133449-0.jpg,0,8,0.28331679,0.036594331,0.022234423,0.12583819,0.020892836,0.00080618315,0.027612222,0.070777744,0.41192719
20171212-095750-3.jpg,8,8,0.00084696576,0.00037395797,4.7965086e-06,0.00069445482,4.6623558e-05,0.00032050273,0.00029258462,0.00032530417,0.99709487
20171218-105320-3.jpg,8,8,0.0037353882,0.0071405168,8.1898079e-06,0.0015860667,6.8210247e-05,0.0073957578,0.002378382,0.0022324098,0.97545516
20171212-095802-1.jpg,8,8,0.00013584782,0.0031958479,7.3117938e-08,0.13408425,8.366711e-06,0.00016735787,3.4749704e-05,0.00015499652,0.8622185
20180125-093201-2.jpg,8,8,1.3378695e-06,4.0145983e-06,4.6100868e-06,6.2562972e-06,8.2548358e-05,5.9172083e-07,7.6463519e-05,2.3734792e-06,0.99982172
20170714-190227-1.jpg,1,1,0.00019632536,0.99887508,1.009904e-07,1.8681998e-05,1.5936854e-07,1.0693557e-06,8.8617962e-05,0.00048370016,0.00033634415
20171219-114259-3.jpg,8,8,0.066594884,0.0054493346,0.088916667,0.007050043,0.021019829,0.015677262,0.071992129,0.09135554,0.63194436
20171212-093721-1.jpg,8,8,0.0028198864,0.019538989,2.7360198e-05,0.0077392291,0.0001572175,0.0019670441,0.0058171926,0.015757881,0.94617516
20180112-081353-1.jpg,8,8,0.00039163508,3.3949629e-05,2.7238946e-05,0.0001102602,0.00032630842,5.0669264e-06,1.3004935e-05,0.00086518558,0.9982273
20170727-113140-1.jpg,4,4,0.026738981,0.0027492424,0.042760298,0.022882208,0.6624667,0.015865704,0.01015894,0.059035271,0.15734273
20180119-115352-2.jpg,8,8,0.0025809098,0.0053392565,2.8871758e-05,0.00051768951,0.00030554927,0.00047578404,2.812025e-05,0.015713569,0.9750104
20180125-100017-1.jpg,8,8,3.4184875e-05,0.00023651107,0.00027560801,0.0001112885,0.0001361242,0.0010068917,0.017704016,3.6828184e-05,0.9804585
20170130-102142-0.jpg,1,7,0.11941715,0.13374069,3.2212647e-05,9.7081371e-05,4.0176756e-06,0.0012795057,0.00017587416,0.73993802,0.0053154598
20180109-074512-1.jpg,8,2,0.0017411185,0.00044019977,0.48219657,0.00070694101,0.0804983,0.0015829286,0.0036953809,0.00016154542,0.42897698
20171212-094815-1.jpg,8,8,2.8806246e-05,0.00042764613,1.2908073e-07,0.0004817796,3.1003319e-06,0.00015560396,0.00018148277,6.3861684e-05,0.9986577
20171109-095123-3.jpg,5,5,0.00026758699,0.00034641117,2.8327676e-07,3.133346e-05,4.3166176e-07,0.98323244,0.0013881443,0.00071091152,0.014022456
20180322-121001-2.jpg,8,8,0.00085546862,0.0013656159,2.5246818e-05,0.0013054742,0.0014037893,1.7621387e-05,0.00029597856,0.001224494,0.99350631
20170128-102526-0.jpg,8,8,0.0084305285,0.24589655,4.2979827e-05,0.0091858776,0.00021563038,0.0028411562,0.0012460875,0.013042537,0.71909887
20170718-132453-2.jpg,7,7,0.048316259,0.047404155,0.00066239148,0.032063007,0.031646684,0.0042695892,0.0022150106,0.60385883,0.22956412
20171122-095925-1.jpg,5,5,2.9827737e-05,7.6606593e-06,1.2166048e-07,7.8891198e-06,1.9888266e-07,0.99930477,0.00017331139,1.1838471e-06,0.00047505077
20171025-095149-2.jpg,3,3,0.0042834966,0.00023280049,0.00031480606,0.84913594,0.0046242927,5.8706987e-06,0.00015402472,0.0010880076,0.14016074
20170715-151444-1.jpg,1,1,0.016992928,0.92827988,0.0002771173,0.0011730467,0.00015362054,0.001471695,0.019776097,0.0095760692,0.022299781
20170811-125323-2.jpg,0,0,0.67963386,0.00083695899,4.3408604e-06,0.00011416228,0.00027850716,0.0031547351,1.7993498e-05,0.009728224,0.3062312
20180109-080723-2.jpg,8,8,0.00032097884,2.4673032e-05,0.0040059616,8.122166e-05,0.0016522299,2.1278289e-05,0.0062874882,0.00012615899,0.98747975
20170304-132413-0.jpg,7,7,0.021781916,0.010285933,6.9297239e-05,0.00015766783,7.2827002e-05,0.018150439,7.0630995e-05,0.94449764,0.0049135871
20170920-100739-1.jpg,2,2,0.00042093481,2.8960971e-05,0.78517222,0.00056606415,0.19417423,0.00019019723,0.00097351859,8.6735759e-05,0.018387051
20180112-092418-2.jpg,8,8,0.062349476,0.00016028865,0.0024417536,0.0021036007,0.0037692576,0.0036620451,3.8728012e-05,0.0044727568,0.92100215
20171102-102120-1.jpg,2,2,0.00092250766,4.5924724e-05,0.55678314,0.0036835019,0.38392708,0.00024587373,0.00055032549,0.00074027205,0.053101428
20170315-090445-0.jpg,8,8,0.040773273,0.0010628587,0.00063599914,0.0031687373,0.0045788707,0.0030127326,0.00061624218,0.031935915,0.91421527
20180322-111819-2.jpg,8,8,0.00057174178,0.00010633001,9.8697228e-07,0.00022119987,2.2127319e-05,6.1268511e-06,2.9813136e-06,0.00022274179,0.9988457
20180322-115701-2.jpg,8,8,1.4395123e-05,3.899098e-05,9.8605597e-08,1.2266296e-05,7.6230449e-06,2.8028147e-05,1.0908901e-05,1.0159306e-05,0.99987745
20180112-093206-2.jpg,8,8,2.8462553e-05,5.1381147e-07,4.7783069e-06,3.6803995e-05,6.0332532e-06,7.5293465e-05,2.1350386e-05,7.3988035e-06,0.99981934
20170913-103447-3.jpg,5,5,0.015431058,0.0059997896,0.00061108416,0.015836658,0.0057803704,0.85258478,0.0070526721,0.03524961,0.061453987
20170920-132728-2.jpg,2,2,0.0076270904,0.00059513777,0.7300545,0.030877287,0.20067625,0.00021613517,0.00022739511,0.0072852224,0.022440996
20171102-121207-1.jpg,2,2,3.2727348e-05,2.2466917e-05,0.99942857,8.3282292e-05,0.00013909834,5.8041819e-06,8.2520974e-06,1.2772289e-05,0.00026691359
20170727-115521-3.jpg,4,4,0.00078716461,1.8085035e-05,0.021249352,0.0036451495,0.88028085,0.011940381,0.00032086647,0.00012910814,0.081629142
20171220-094808-1.jpg,8,8,0.00010539265,0.0022518991,2.2938599e-07,0.0026791063,5.8825249e-06,0.00074656046,4.2469248e-05,0.00011952932,0.99404895
20171220-095346-1.jpg,8,8,0.00035067179,0.0026925828,3.1277114e-07,8.9843583e-05,5.368523e-06,0.0044304854,0.0004061441,0.00048522616,0.9915393
20170210-142133-0.jpg,7,7,0.012508005,0.00046281808,4.596166e-05,2.834523e-05,1.5208556e-05,0.012523331,2.9841012e-05,0.96088237,0.01350408
20171212-100816-1.jpg,8,8,0.00073710422,0.00059596985,3.8736457e-06,0.00020796988,7.4535601e-05,0.0012056105,0.0019614242,0.00021111504,0.99500257
20171121-074015-1.jpg,6,6,0.00068164174,0.0037003062,6.8918157e-06,7.0348768e-05,1.7152086e-05,0.0015298534,0.91475922,0.0029990608,0.076235585
20171121-090029-1.jpg,6,6,5.8136498e-05,0.0001100849,9.9672604e-08,3.3518174e-07,9.6649364e-07,3.8338359e-07,0.99945384,0.0001594444,0.0002166823
20170210-133852-0.jpg,0,7,0.1795641,0.18996921,0.010067389,0.0098454719,0.0026278677,0.00096566411,0.02007965,0.53104365,0.055836916
20171025-080448-2.jpg,3,3,0.10506108,0.001407373,0.00079130585,0.78395039,0.038748242,0.00019261621,2.0482674e-05,0.037181918,0.032646507
20171113-115816-0.jpg,6,6,0.00011401374,0.00065759372,5.1613861e-06,2.0852345e-05,9.2398213e-06,9.826017e-06,0.99742991,0.00049204612,0.0012613751
20170128-104021-0.jpg,8,8,0.0033888612,0.0047643203,0.00033630707,0.0024346444,0.073056884,4.2358137e-05,0.0058765253,0.013059232,0.8970409
20170715-140313-1.jpg,1,1,0.00017929914,0.99874038,7.0055228e-07,3.0127376e-06,3.1937824e-07,7.8992198e-06,0.00056750426,9.4906012e-05,0.000405956
20180112-094523-2.jpg,8,8,0.010381185,0.055516794,0.0057392763,0.081772774,0.023472633,0.0019232356,0.16033521,0.013336721,0.64752227
20171219-113042-3.jpg,8,8,0.00016516091,3.8208673e-05,0.046034779,0.00027105724,0.0031455879,3.3935852e-05,0.0056264275,0.00033774407,0.9443472
20171219-112949-2.jpg,8,8,0.001699823,0.00030161592,0.0033240777,0.010143933,0.11169477,0.0043415236,0.0046242392,0.0043244865,0.85954553
20180105-091619-2.jpg,8,8,4.2667682e-05,3.9140959e-05,0.0053017293,0.00016765336,0.0042204526,0.0011694379,0.035954848,7.0410468e-05,0.95303357
20180125-131915-2.jpg,8,8,0.0072288383,0.001965194,5.8481095e-05,0.00021982186,9.6073447e-05,0.0086717075,0.015321339,0.0027694127,0.96366918
20180109-100808-2.jpg,8,8,0.00046760717,0.0023360925,3.2680044e-05,0.00017014628,0.00072078581,0.00017328101,0.0013728596,0.00024557696,0.99448109
20180112-094355-1.jpg,8,8,0.0017186711,0.0018576249,0.0011474878,0.0011513802,0.0092521515,0.00039734875,0.015745174,0.0043630777,0.96436721
20170727-162406-1.jpg,4,4,0.0012586612,1.1759029e-05,0.0021016663,0.00082234183,0.96371323,0.0001015369,4.4738845e-05,0.00060285919,0.031343251
20170811-132405-2.jpg,0,8,0.058080468,0.0063727777,0.01994097,0.035176314,0.20691332,0.0012552477,0.02995619,0.08535587,0.55694884
20170410-123806-0.jpg,0,1,0.05215656,0.41065341,0.00045179992,0.023869881,0.00065840496,0.00049089163,0.12553418,0.013476747,0.37270802
20170728-151920-2.jpg,4,3,0.0074574631,0.0042223325,0.00011069349,0.3552793,0.068650849,0.24784771,0.0017808193,0.0022510367,0.3123998
20171025-100924-2.jpg,3,3,0.0012987597,5.3809919e-05,6.3259677e-06,0.99268794,0.00050821522,3.2458588e-06,1.2259776e-06,0.00016117093,0.0052793631
20171219-101912-3.jpg,8,8,0.00081141456,0.0012899899,6.8760955e-06,0.001217123,4.447671e-05,0.0012890123,6.9578018e-05,0.00080353947,0.99446797
20170304-130321-0.jpg,0,7,0.19489658,0.013606697,1.3808723e-06,1.7025579e-06,5.727461e-06,5.7331636e-05,0.022757264,0.76762348,0.0010499
20170906-100047-1.jpg,3,4,0.0048093703,0.00050273805,0.00041259994,0.082254894,0.50153923,0.0001925859,0.00071794947,0.012315269,0.39725545
20171218-110512-3.jpg,8,8,0.001095992,0.017091153,0.00024609227,0.0038747571,0.0027340013,0.00035830296,0.0034101864,0.0029947343,0.96819478
20170811-162102-1.jpg,0,0,0.93945014,0.0032624868,0.00013102641,5.1653888e-06,8.5076936e-05,0.00050478027,4.2604908e-05,0.053899255,0.0026194712
20180105-095922-2.jpg,8,8,7.1118566e-06,2.5608983e-06,0.00020666704,4.2622596e-06,0.00015207965,1.1200745e-05,0.00050631817,3.6899871e-06,0.99910599
20171217-103623-2.jpg,8,8,0.013101341,0.095723256,0.00057849253,0.023248386,0.0076754917,0.16728409,0.0060608331,0.025255376,0.66107273
20170128-101929-0.jpg,8,8,0.0080832522,0.00042237953,0.0052506034,0.32355833,0.19785276,7.1443719e-05,0.00011231671,0.0098414486,0.45480746
20170610-122247-0.jpg,1,1,0.040343188,0.93080211,8.6551654e-06,0.00011377505,1.211482e-05,0.0002088154,0.00016031669,0.020929618,0.0074214791
20180112-092114-2.jpg,8,8,0.045701854,0.000744636,0.034100585,0.022554701,0.14450069,0.0017734877,0.001324891,0.010019943,0.73927927
20171219-094700-3.jpg,8,8,0.0015838639,0.0011301427,5.6251594e-07,6.992471e-05,7.9868027e-05,0.0010663787,6.3868167e-05,0.00091243431,0.99509299
20171113-130008-2.jpg,6,8,5.7708901e-05,3.7807098e-05,0.00019638558,6.1567283e-05,0.00013621873,5.611547e-05,0.23490553,0.00013768439,0.76441091
20180112-093338-1.jpg,8,8,0.0020965361,0.0045000911,0.00029686216,0.001470475,0.0056992155,3.4780474e-05,0.00093559688,0.0047473172,0.98021907
20171220-101758-2.jpg,8,8,6.3239527e-06,5.323502e-05,2.6164413e-08,8.3356892e-05,4.481e-07,0.00049422588,2.7756298e-05,9.0863832e-06,0.99932551
20170913-101003-1.jpg,3,3,0.0021047168,0.00027544759,0.00084309955,0.93849427,0.011793665,0.022526696,0.0006626586,0.00037271366,0.022926835
20180322-124746-1.jpg,8,8,0.001591274,0.00045039595,0.0094615528,0.0002046166,0.051011857,0.00039384919,0.00026037279,0.0003658674,0.93626022
20170610-123017-0.jpg,1,0,0.4069702,0.30575904,0.00027047651,0.0018685231,0.00092133589,0.0029847212,0.021923847,0.079358086,0.17994379
20171220-092429-3.jpg,8,8,9.998952e-05,0.00025930509,2.0688199e-06,0.0028481691,7.6413897e-05,0.0015039615,0.00032065346,9.1289716e-05,0.99479818
20171218-122036-2.jpg,8,8,0.00015738864,0.00066999823,7.1335455e-07,0.0003495258,1.2643596e-05,0.0001917698,0.00035189648,6.4324457e-05,0.99820173
20180105-095713-2.jpg,8,8,2.2072119e-05,4.9621958e-06,3.4588509e-05,4.0855566e-06,9.2832408e-05,1.0295469e-05,0.00056277408,9.418658e-06,0.99925917
20171218-110511-3.jpg,8,8,0.0010264548,0.012542438,1.273313e-05,0.0013182781,0.00029984736,0.0006696452,0.00020826387,0.0033950161,0.98052728
20170715-113141-1.jpg,1,1,0.006456946,0.98738295,2.9242299e-06,0.00011533551,3.3030801e-06,4.0953873e-06,0.0021051264,0.0021595866,0.001769706
20171113-133644-1.jpg,6,8,0.012888961,0.021768866,0.0011171376,0.0021793994,0.001252795,0.00087673927,0.0658314,0.0095218858,0.88456297
20180112-102332-2.jpg,8,8,0.045226429,0.013770537,0.00068927713,0.0038679286,0.0037313034,0.0017455991,0.0056389486,0.022700053,0.90262979
20170906-094918-2.jpg,3,8,0.010696243,0.00014107898,0.00089900941,0.28215188,0.24433678,4.1514264e-05,0.00014769872,0.018263867,0.44332191
20171218-103735-2.jpg,8,8,0.0085211657,0.0046517369,0.00022373164,0.0036843286,0.0024096223,0.00077718537,0.0041520684,0.0086787287,0.96690148
20180125-132729-3.jpg,8,8,0.032718323,0.037913945,0.001637238,0.0046480764,0.068288915,0.00055135106,0.0047385129,0.047119159,0.8023845
20170920-101817-2.jpg,2,2,4.6144061e-05,3.7205024e-05,0.99664247,0.00029695567,0.0013686286,0.00035321052,0.00034498121,1.4081991e-05,0.00089618634
20171220-095249-2.jpg,8,8,0.0052828658,0.065433875,5.9413876e-05,0.0023498812,7.0371461e-05,0.018370468,0.0045148768,0.043083541,0.86083472
20180109-073101-1.jpg,8,8,0.0001369183,0.00057182886,0.00012347098,0.0001279502,0.00011776471,0.00050540804,0.030213846,0.0001597271,0.96804315
20180105-101131-2.jpg,8,8,0.0012894515,0.00033654325,0.0035842117,0.00024213684,0.0064244005,0.0019176599,0.0040980596,0.00029247609,0.98181516
20171113-145232-3.jpg,6,8,0.00032486659,0.001206409,0.000330968,0.00018158603,0.0009204364,0.00021323789,0.091162026,8.2062092e-05,0.90557855
20171212-095147-3.jpg,8,8,0.0016766685,0.00026734866,7.3561765e-05,0.00027380142,0.0011738798,9.1373258e-05,0.00012132207,0.0026833897,0.99363869
20180105-093811-2.jpg,8,8,0.00040028986,4.4670745e-05,0.0015178208,0.0002965281,0.0011731728,2.9197696e-05,0.0051288507,0.00051197171,0.9908976
20180109-091152-2.jpg,8,8,2.0286361e-05,0.00033147796,2.7283315e-07,0.00045021021,0.0001839052,1.0333614e-06,9.5691968e-05,2.7315991e-05,0.99888986
20170217-152300-0.jpg,0,0,0.99835169,5.5737e-05,6.3115806e-08,7.6619628e-08,1.140791e-07,3.4323508e-05,3.6394289e-05,0.00077450206,0.00074703904
20171212-094434-1.jpg,8,8,7.887929e-05,0.000499758,6.7069799e-09,0.00091754639,4.5672471e-07,7.3231844e-05,3.1375235e-05,0.00011684428,0.99828196
20171219-095652-3.jpg,8,8,0.021337952,0.005065409,0.00010006838,0.01627126,0.0081833899,0.0017142816,0.0026853506,0.020086242,0.92455596
20171220-082927-2.jpg,8,8,0.0079515297,0.0017351927,6.169638e-07,0.0030322806,0.00010822756,0.00080625917,3.2975433e-06,0.0030366706,0.98332608
20180112-092714-1.jpg,8,8,0.0073528951,0.00065242016,3.4837228e-06,0.00037036464,0.0011210296,1.3635319e-05,8.0839927e-06,0.0052805655,0.98519748
20170718-132035-2.jpg,7,7,0.021110034,0.053148873,4.7735652e-05,0.0012539752,9.4750154e-05,0.001035567,0.00011366278,0.89560372,0.027591625
20170210-141801-0.jpg,7,8,0.0097842487,0.0013986714,6.5906672e-05,0.0003050378,7.7663695e-05,0.088589594,0.047337431,0.33892316,0.51351821
20180109-090753-2.jpg,8,8,0.0011302242,0.0056697121,7.8093821e-05,0.020236539,0.0016875949,0.0001850418,0.0026651865,0.005010298,0.96333736
20171109-091717-1.jpg,5,5,0.00025867106,1.5040861e-05,4.7846225e-07,7.1423747e-06,1.0008796e-06,0.99718601,0.00036714465,0.00052514841,0.0016392783
20170728-124122-2.jpg,4,4,0.00074586843,0.00056963402,0.021013938,0.054619286,0.56371516,0.00063245761,0.00036889411,0.00048056917,0.35785425
20180112-094653-2.jpg,8,8,0.0044118757,0.0019685323,0.0010405947,0.011423951,0.00084091938,0.0002212144,0.011677281,0.0073761665,0.96103948
20161207-111917-0.jpg,0,8,0.042287119,0.0074656969,1.072741e-05,0.00070758286,3.8171758e-05,0.023822522,0.001049673,0.043029521,0.88158894
20171102-122914-3.jpg,2,2,0.0084453374,0.0015155206,0.78854448,0.0099006705,0.13619819,0.0031220911,0.00078927679,0.0023005118,0.049184006
20171102-121633-1.jpg,2,2,1.6876198e-05,1.0904876e-05,0.99927408,0.00021788196,0.00010547936,0.00010082444,2.3277938e-05,6.2394138e-06,0.000244692
20180109-070126-2.jpg,8,8,6.7666741e-05,0.00090572849,0.001516266,0.00049622729,0.0059349216,0.00012568028,0.012140631,8.4781132e-05,0.97872812
20171212-104904-3.jpg,8,8,0.0011317033,0.038539387,9.5377662e-05,0.0553433,0.00046087967,0.0029674431,0.00018394696,0.0020570438,0.89922094
20170913-125134-1.jpg,5,5,0.0030711172,0.00052774715,0.0004449948,0.0046186475,0.0019856545,0.95911121,0.00077664625,0.00084004726,0.02862392
20171113-113043-0.jpg,6,6,4.0594634e-05,0.0014775924,8.3302602e-06,8.1567261e-05,9.1963266e-06,3.4689449e-06,0.99591607,0.0019938655,0.00046936033
20170705-161400-0.jpg,7,7,0.088428229,0.0080246367,0.00017198875,0.0013921203,0.0033386117,0.0063001444,4.7621059e-05,0.64129019,0.25100642
20170811-112959-2.jpg,0,0,0.57720315,0.041830983,0.00058103132,0.047764271,0.033522487,0.00030570902,4.4442088e-05,0.080974869,0.21777296
20170704-154906-0.jpg,7,7,0.041273292,0.14069021,0.00013531274,0.0032619156,0.00024090608,0.0005478512,0.13966118,0.51311636,0.161073
20161207-112029-0.jpg,0,1,0.064767547,0.79687083,6.6576024e-05,0.00081585557,3.2737928e-05,0.010610053,0.0090768877,0.089506887,0.028252682
20170210-132522-0.jpg,0,0,0.69369149,0.10724162,0.00018973123,0.00077402114,0.00018272919,0.00057362922,0.0016808079,0.17517498,0.020490956
20180322-114339-2.jpg,8,8,0.0060460139,0.0053753415,0.0018232281,0.34048626,0.22156465,0.00073027081,0.00016287592,0.02633444,0.39747688
20180119-105049-2.jpg,8,8,0.0013344652,0.0019473657,0.00018919054,0.0024711848,0.0032476205,1.5223047e-05,0.0002116509,0.0048025819,0.98578066
20171220-084737-2.jpg,8,8,0.023061242,0.10652561,1.838374e-05,0.0068330211,0.00011040126,0.0053426037,0.0018619539,0.048291843,0.80795491
20171121-073623-1.jpg,6,6,0.0080043562,0.071978152,0.00026216666,0.00037619163,8.5809072e-05,0.080389686,0.76805222,0.02509436,0.045757029
20170718-132445-2.jpg,7,7,0.0031157269,0.00027780485,1.6514448e-05,0.009433235,0.0018845305,3.1938298e-06,0.0013371583,0.97925586,0.0046760626
20180105-092349-2.jpg,8,8,4.1700932e-06,5.525269e-07,5.9453108e-05,2.6628773e-06,3.8395694e-05,6.6876264e-06,0.0011358929,1.6379139e-06,0.99875069
20170714-150055-1.jpg,1,1,0.00010367629,0.99878687,4.4712081e-08,2.0838659e-05,4.9341639e-07,1.8679812e-07,0.00058855861,0.00041531213,8.4077968e-05
20180109-105946-2.jpg,8,8,0.0056484425,0.0076865163,0.12503445,0.0088802623,0.017901307,0.0099775651,0.02217814,0.0070382231,0.79565501
20180322-113804-2.jpg,8,8,0.00011848644,0.00017983463,7.6675269e-06,0.00026984073,0.0012019794,1.4650985e-05,0.00013406722,7.1063965e-05,0.99800247
20170128-102729-0.jpg,8,8,0.058657005,0.024507763,0.0074549932,0.031737104,0.022872534,0.0091866609,0.018385185,0.027593784,0.79960501
20171220-100330-2.jpg,8,8,0.00085577607,0.017082842,3.9796482e-06,0.0057285628,1.9136063e-05,0.032909218,0.0030468781,0.0019294685,0.93842405
20170714-135916-1.jpg,1,1,0.0061430596,0.86851114,1.8301105e-05,0.051539928,0.0020308641,4.7674381e-05,2.4634674e-05,0.049928375,0.021756047
20171217-184352-2.jpg,8,8,0.0017390738,0.013686986,1.3067563e-05,0.0013920235,0.0002478011,0.00059544342,0.0029493163,0.00097210973,0.9784041
20170714-115346-3.jpg,1,1,1.4925466e-05,0.99968278,3.0675134e-09,1.1647988e-07,6.4002745e-09,7.1347579e-08,0.00027753608,2.170783e-05,2.8655882e-06
20171218-103931-3.jpg,8,8,0.00059306412,5.125095e-05,0.00043812877,0.00024413693,0.0043396391,3.0317035e-05,0.0014919074,0.0011610591,0.99165052
20180105-091805-2.jpg,8,8,6.6897534e-05,0.00030727556,1.5762236e-05,0.0003526505,4.8381517e-05,0.0029552924,0.011840723,4.0542065e-05,0.98437262
20170718-132456-2.jpg,7,7,0.043648969,0.01034303,2.1266433e-05,0.00088884658,9.5431227e-05,3.6216985e-05,5.656961e-05,0.94361722,0.0012924799
20170811-112755-2.jpg,0,0,0.70064324,0.0049747429,7.2223964e-05,9.9770441e-05,0.00033757894,0.0014883344,0.00025810555,0.0095600998,0.28256595
20180322-112516-2.jpg,8,8,0.0020592089,0.00041973399,5.9279537e-06,0.00075906725,0.002307211,9.8958502e-05,2.4818863e-05,0.0015619107,0.9927631
20171220-093105-2.jpg,8,8,7.5410695e-05,0.00015949272,1.8762678e-06,0.0003419593,2.2359214e-05,0.0034687151,0.00048343919,0.00014589803,0.99530077
20170610-123940-0.jpg,1,8,0.011193789,0.069244422,4.6670306e-05,0.018650569,0.00066384376,0.0083539188,0.0006299332,0.052322529,0.83889437
20171219-105947-2.jpg,8,8,0.0088687306,0.011457776,5.0146551e-05,0.044921771,0.0035540515,0.001143417,0.00012976707,0.012103358,0.91777104
20171025-092937-2.jpg,3,3,0.0020985969,0.0005008406,0.0006475391,0.75436425,0.003998836,0.00013219797,0.0010971344,0.0033636538,0.23379703
20170920-172602-1.jpg,2,2,4.9726073e-05,2.7749673e-05,0.99878591,0.00035685068,0.00045267752,0.00012071958,4.0587558e-05,4.2299375e-06,0.00016150244
20171220-092121-2.jpg,8,8,5.3044441e-05,0.000117799,2.1184344e-07,0.00052770542,8.9089745e-06,0.0013821967,0.00047660188,3.6643291e-05,0.99739695
20180322-112326-2.jpg,8,8,0.025720961,0.0037580212,0.00019524276,0.010009284,0.11956888,0.00016992129,0.00036682386,0.016778177,0.82343274
20171102-104540-2.jpg,2,8,0.0040529259,0.0018452536,0.46539038,0.019139847,0.005805972,8.576877e-05,0.013979577,0.0043652728,0.48533502
20170217-104514-0.jpg,0,0,0.91230887,0.0026752611,3.0275962e-06,1.459552e-05,2.8988077e-06,0.0025506578,0.0014662319,0.012896216,0.068082169
20180112-093401-2.jpg,8,8,0.30631569,0.0042046215,0.00088004273,0.0002773304,0.0004151176,0.0055828178,0.0056082504,0.1520853,0.52463078
20180112-103409-2.jpg,8,8,7.5270327e-05,4.041013e-05,0.00016064975,5.09948e-05,0.00011186533,0.00025113882,0.0060888957,6.5401233e-05,0.99315542
20170906-135726-1.jpg,3,3,0.017917911,0.00040668092,0.013126691,0.47870517,0.41830239,8.6760207e-05,5.7269463e-05,0.031395756,0.040001411
20171113-120014-3.jpg,6,6,4.8151047e-05,0.00057009514,3.1586089e-05,1.022226e-05,1.2125432e-05,0.00017677186,0.89537334,0.00011575205,0.10366198
20180125-132309-3.jpg,8,8,0.043443494,0.15564565,0.00057860411,0.097621791,0.040681895,0.00093678734,0.0053966441,0.27329132,0.38240376
20170920-114046-3.jpg,2,2,0.00024086364,1.612935e-05,0.93110043,0.00070644642,0.065480381,0.00013329067,0.00023038404,0.00020065308,0.0018912528
20171203-164604-3.jpg,8,8,0.03264457,0.027078362,7.4726224e-05,0.022885833,0.00044999717,0.0013716628,0.0010244696,0.039137553,0.87533283
20171220-084748-2.jpg,8,8,0.036041074,0.012093695,2.0813302e-05,0.0021725916,6.4106978e-05,0.0092574041,0.004994438,0.069029957,0.86632586
20170630-154236-0.jpg,7,7,0.10503124,0.030188935,9.0075308e-05,5.0259117e-05,0.00015806507,0.00024079072,0.015396408,0.8320815,0.016762711
20171212-100831-1.jpg,8,8,0.0037008137,0.0107136,1.2911172e-05,0.00068277144,0.00052975776,0.0011785493,0.00014408049,0.0019994536,0.98103815
20171113-135117-1.jpg,6,6,7.7855671e-05,0.0094544506,1.6034998e-07,9.0177394e-07,1.2859319e-07,2.2845984e-06,0.98980743,0.00033316325,0.00032360054
20180112-091942-1.jpg,8,8,0.0048385914,0.00077077403,0.00023659847,0.002339886,0.004214549,5.3647345e-05,0.00056026469,0.008347502,0.97863823
20180109-075231-2.jpg,8,8,0.0018706693,0.01021532,0.13239732,0.00040576537,0.0075079603,0.00012234598,0.12196693,0.0026471922,0.72286648
20171218-105238-3.jpg,8,8,0.0020598471,0.0011442394,1.9941324e-06,0.0001253654,1.4465023e-05,0.034982894,0.0030864899,0.00097055815,0.95761424
20170714-141938-2.jpg,1,1,0.0014351729,0.99135453,1.9208064e-08,5.7510251e-06,1.0574355e-07,1.089987e-05,2.2472026e-05,0.0069840923,0.00018695951
20171113-131413-0.jpg,6,6,3.0516103e-05,0.0013712466,8.8266495e-07,1.5958248e-06,5.181596e-07,9.1417479e-07,0.99820375,0.00011045124,0.00028009547
20170705-164801-0.jpg,7,7,0.028253507,0.0096635474,0.00087896601,0.011358183,0.022276631,0.001975666,9.7552111e-05,0.90242994,0.02306599
20171218-104232-3.jpg,8,8,0.00038781471,0.0011928061,2.5566164e-06,0.00048454423,9.6915728e-06,0.0062409849,0.0008957762,0.003317435,0.98746824
20171219-113619-2.jpg,8,8,0.0037572363,0.00082283915,0.017022768,0.017266326,0.096988417,0.0030904401,0.0095417751,0.0084463358,0.84306395
20161207-144724-0.jpg,7,8,0.1061311,0.04450031,0.00055039476,0.0008996895,0.0028316576,0.057663396,0.00022092747,0.11491934,0.67228305
20170811-135001-2.jpg,0,0,0.92872423,0.040359084,9.5591589e-05,1.6043768e-05,7.299197e-05,0.0057206997,0.00034379348,0.014647539,0.010020206
20171113-133312-1.jpg,6,6,1.9019517e-05,9.4497387e-05,2.8474639e-07,6.7840205e-07,8.6768402e-08,0.00050304178,0.99735212,0.00024830113,0.0017819988
20170501-142614-0.jpg,1,1,0.00022769083,0.9985857,2.5090517e-07,1.3569466e-05,2.6265315e-07,1.8341156e-06,0.00072541891,0.00012208469,0.00032327091
20171203-173258-3.jpg,8,8,1.0324496e-05,3.4796125e-05,5.0292242e-06,5.7408542e-06,1.5220333e-05,4.3766718e-06,0.0026861988,6.7925776e-06,0.99723154
20180112-073544-1.jpg,8,8,0.0010853467,0.0040448699,0.038102925,0.0011628246,0.006165605,4.1526586e-05,0.069843009,0.0019419865,0.87761182
20180125-100845-1.jpg,8,8,1.4352579e-05,0.00020779288,0.00016952025,0.00010919954,0.00017328793,9.1473739e-05,0.0042546322,5.5073151e-06,0.99497426
20180105-093745-3.jpg,8,8,8.5567634e-05,0.00029772992,0.0010563403,0.00015502663,0.0016855262,0.00021542578,0.016628625,0.00011699458,0.97975886
20170803-131611-1.jpg,0,0,0.51979798,0.035130281,2.3689754e-05,0.0032246562,0.00010080746,0.011637116,0.0006635107,0.11061903,0.31880295
20171113-092956-3.jpg,5,5,0.001036268,6.1186707e-05,1.1190556e-06,0.00021035991,2.0327014e-05,0.97070259,0.0034171741,0.00036726837,0.024183618
20170714-115730-2.jpg,1,1,0.00040304044,0.98280817,4.1888634e-06,9.0406444e-05,2.7026306e-06,9.9781046e-06,0.013837515,0.001592503,0.0012513563
20171025-094904-3.jpg,3,3,0.01970581,0.05250657,0.0015418468,0.80862075,0.022363631,0.0001260562,0.0038817548,0.067375049,0.023878524
20170913-122254-3.jpg,3,3,0.0013215565,0.0016905045,0.00031760108,0.76586443,0.19683674,0.00032669259,0.00074473547,0.0022477752,0.030650062
20171102-120800-2.jpg,2,2,0.00015696854,0.00019746333,0.99580801,0.00053985481,0.00030444184,0.0024199288,5.6558656e-05,1.9630363e-05,0.00049720856
20170210-131513-0.jpg,7,7,0.00099741248,0.00012213567,6.577553e-06,8.5937563e-06,5.5864352e-06,0.00039467352,0.0011121243,0.99382579,0.0035271617
20171205-124213-2.jpg,8,3,0.020265942,0.11330671,7.6348515e-05,0.57204658,0.017409777,0.0016640582,0.00014419371,0.023636552,0.25144982
20180125-092007-1.jpg,8,8,5.2139062e-06,9.9813906e-06,3.7741108e-07,5.6055705e-06,0.00013298575,4.4905096e-07,3.6193426e-06,8.0549344e-06,0.99983358
20171025-073458-2.jpg,3,8,0.0046232427,0.020674774,0.00043093564,0.19414169,0.091604657,0.001029957,0.0060007428,0.031736802,0.64975709
20180322-113021-2.jpg,8,8,0.0013734682,0.00055431324,3.1829772e-05,0.0026442385,0.0013033955,4.1969248e-05,1.7096365e-05,0.00092231488,0.99311137
20180322-103240-2.jpg,8,8,0.00063223182,0.00070558343,0.00020162146,0.0011297364,0.0044162627,0.00042366571,9.742425e-05,0.00052995025,0.99186361
20171113-133727-1.jpg,6,6,1.0583309e-05,0.00032144398,5.3628432e-06,0.0001433227,1.8199764e-05,0.00076405,0.93484676,0.00022392295,0.063666433
20171025-101207-2.jpg,3,3,0.023687785,0.038643409,0.00068147312,0.69034803,0.061338063,0.00049094216,0.00069142331,0.062390156,0.12172864
20170207-154732-0.jpg,0,0,0.76365632,0.0011319604,1.0482288e-05,0.00016184064,1.6885118e-05,0.0014575087,2.9769108e-05,0.02921913,0.20431624
20180322-112853-1.jpg,8,8,0.017161811,0.0055854614,0.0021012335,0.0024977669,0.0090538515,0.00097453344,0.00030875366,0.016682552,0.94563407
20170630-155427-0.jpg,7,7,0.001364082,0.0038565635,9.6828726e-06,8.0792204e-05,5.3055742e-06,2.3343347e-05,0.018697595,0.97502828,0.00093436055
20171220-093327-3.jpg,8,8,0.00083046808,0.00032447645,0.00078864821,0.0021507242,0.0075270599,0.0023221411,0.0099895522,0.0011432339,0.97492343
20171102-122305-3.jpg,2,2,0.00053133036,0.00011112616,0.99231511,0.00059808593,0.0021656374,0.00020788997,0.00041409361,0.00031277852,0.0033440688
20170704-150611-0.jpg,7,8,0.0076582194,0.023226341,0.00087982789,0.080285005,0.0087203626,0.000879567,0.0022627129,0.012852273,0.86323571
20180322-103350-1.jpg,8,8,0.010637934,0.0011235415,0.00023936365,0.0003496822,0.012210464,0.000535573,0.00018568842,0.0032194441,0.97149843
20171220-084929-2.jpg,8,8,0.00020142819,0.00017759607,1.1589324e-07,3.3018379e-05,7.8199412e-07,0.022842821,5.2344622e-05,9.6223252e-05,0.97659552
20180125-094316-1.jpg,8,8,6.6556249e-06,4.680031e-06,4.3778701e-07,9.5338974e-06,0.00014404429,5.6912454e-06,7.2499606e-05,4.7981025e-06,0.99975163
20170728-120256-2.jpg,4,4,0.00011899583,1.0250502e-06,0.00017352207,0.0002624717,0.99341631,1.1696215e-05,1.1315508e-06,5.4705801e-05,0.0059600966
20170913-104436-3.jpg,5,5,0.002887933,0.00058386551,3.8440205e-05,0.0052615115,0.00016585775,0.98667705,5.6465033e-05,0.00068904343,0.0036399004
20180105-094110-3.jpg,8,8,0.00071662606,0.0020715096,0.001904318,0.0001135316,0.0013022937,0.00012956544,0.10518965,0.0015556923,0.88701695
20171220-101008-1.jpg,8,8,0.00021759195,9.4604424e-05,2.5623853e-08,5.7601937e-05,4.2824578e-07,0.0011787412,2.6726109e-06,8.5596286e-05,0.99836284
20170920-190555-1.jpg,2,2,0.0026021956,0.00015257444,0.78946817,0.006623927,0.18006448,0.001856181,0.0020061224,0.0038263772,0.013400008
20180119-105857-1.jpg,8,8,0.001503283,0.0049242028,2.7692724e-05,0.0005106543,0.00082783372,0.0012160834,0.0011342216,0.00085196306,0.98900408
20171218-113429-3.jpg,8,8,7.5017873e-05,0.00027706064,0.00093917781,0.00049701199,0.00036346453,0.0016124911,0.0022354687,0.00019008588,0.99381036
20180109-094650-1.jpg,8,8,0.014995087,0.00087786041,5.253066e-05,0.0010831124,0.00016282919,0.00048823049,0.00027161153,0.0037738255,0.97829503
20170501-143023-0.jpg,1,6,0.0026101742,0.097329602,0.00014526428,0.00010305713,0.00010510859,0.00071362342,0.82210875,0.0055171032,0.071367316
20170207-141531-0.jpg,7,7,0.0058374531,0.48635852,0.00014134694,5.3091411e-05,1.9230783e-05,0.013682748,0.00064520497,0.49056509,0.0026974017
20180322-112424-2.jpg,8,8,0.00027194142,0.00012262704,0.00014849028,0.00015776527,0.0003926004,1.2133133e-05,1.6218113e-05,0.00044479818,0.99843329
20180105-092523-2.jpg,8,8,0.0038008741,0.0022747901,0.096759334,0.0017565162,0.021815993,0.00054841785,0.02775831,0.0033568633,0.84192896
20180112-082416-1.jpg,8,8,0.0015515077,9.6535703e-05,4.6530411e-05,0.00012126214,0.00056851521,1.947652e-05,8.9834633e-05,0.0020931836,0.99541312
20171218-111306-3.jpg,8,8,0.0069501321,0.051144119,2.8370614e-05,0.013332093,0.00078224298,0.0021539018,0.0011512459,0.019878812,0.9045791
20171205-133606-2.jpg,8,8,0.057665907,0.12371061,5.6906709e-05,0.0041800775,0.0089936731,0.0006196007,5.2499967e-05,0.070825569,0.73389524
20171219-113454-2.jpg,8,8,0.00020848938,8.6230095e-05,0.016563302,0.001934604,0.0052649109,0.00033582374,0.0045932429,0.00018283277,0.97083056
20171203-172217-3.jpg,8,8,0.00076730555,0.0019647272,2.7374976e-05,0.0017661235,0.001510742,2.1023638e-05,0.00017029027,0.0025804264,0.9911918
20180322-124822-1.jpg,8,8,8.1674676e-05,1.7516169e-05,1.3701701e-07,1.6849066e-06,2.276995e-06,2.4328307e-05,4.5082998e-06,1.9725445e-05,0.99984825
20180109-092334-2.jpg,8,8,5.7957885e-05,3.3580852e-06,1.1231567e-05,8.6697682e-06,1.5490044e-05,6.3416978e-06,0.00039072937,3.1051837e-05,0.9994753
20180109-090023-1.jpg,8,8,0.0023303202,0.020717474,6.3677093e-05,0.0017548617,0.00014504876,0.0007888854,0.0015718723,0.0038332555,0.96879458
20170913-104656-1.jpg,3,3,0.0020832422,0.00021962468,4.1649528e-05,0.68503118,0.26679999,0.00067107542,7.6036173e-05,0.00061976764,0.044457484
20171109-091412-2.jpg,5,5,0.012004007,0.019007195,4.0285224e-05,0.00073406071,3.1547646e-05,0.62504929,0.040541913,0.16261247,0.13997917
20171220-092108-3.jpg,8,8,0.00053100655,0.00061113347,3.7033337e-06,0.0022237876,3.9009967e-05,0.0082166726,0.0010895485,0.00021821767,0.98706669
20171220-084907-2.jpg,8,8,0.0041928841,0.039324537,8.8227898e-06,0.0057729627,8.05534e-05,0.0059499824,0.00035069292,0.0014296322,0.94288993
20170210-132618-0.jpg,0,8,0.14778079,0.047862295,8.0548642e-05,0.00022627531,0.00014706558,0.00030397234,0.14093576,0.22682899,0.43583429
20180112-073449-1.jpg,8,8,0.0054445462,0.0025148762,8.4599924e-05,0.0015005866,0.068204321,7.6327393e-05,0.0033390159,0.01262925,0.90620637
20171220-085211-3.jpg,8,8,0.0022521194,0.010049141,1.3010198e-06,0.0010380259,1.9938147e-05,0.00026715212,0.0026147438,0.023665912,0.96009177
20171121-082808-2.jpg,6,6,4.0266757e-05,0.00037249099,5.9644553e-05,4.905738e-06,1.0279726e-05,2.9309134e-05,0.99411726,0.00010748949,0.0052583027
20171109-074707-3.jpg,5,5,1.087631e-05,5.5431315e-06,4.2200252e-08,4.9943665e-06,2.234372e-07,0.9996444,0.00017811786,1.0599873e-06,0.00015466944
20180112-092924-1.jpg,8,8,0.0035613566,0.0028840001,4.850623e-05,0.0011276193,0.0011934695,0.00075920013,0.0011402537,0.0064077829,0.98287773
20171025-094116-1.jpg,3,3,0.002435622,2.159858e-05,6.7980225e-05,0.97116405,0.021826051,3.8742592e-06,1.055625e-06,0.00059763272,0.0038821818
20170501-145604-0.jpg,8,8,0.011912232,0.0050109653,0.00018574437,0.003336533,0.029526874,8.2949606e-05,0.00033729651,0.11073591,0.83887154
20170913-124142-1.jpg,5,5,0.00060469739,0.00040708948,5.894811e-05,0.00020647602,0.00019850981,0.99224299,4.8924536e-05,0.00087466935,0.0053576212
20170728-124854-2.jpg,4,4,0.00049690623,1.9755906e-05,0.00037395977,0.012223962,0.95447046,1.6556811e-05,3.4617122e-05,0.00067205541,0.031691644
20171108-124156-3.jpg,5,5,0.011503596,1.2997253e-06,3.9573845e-07,5.5109749e-06,6.8213927e-07,0.98642439,1.7234754e-05,0.00043648903,0.0016103449
20180109-092008-1.jpg,8,8,0.00032782095,0.00018482024,7.9690235e-06,6.2583982e-05,0.00013966752,9.4427151e-06,0.0006328295,0.00067392236,0.99796093
20180109-075152-2.jpg,8,8,4.6309993e-05,0.00051002268,0.0002743364,3.0753577e-05,8.8463647e-05,6.0017746e-06,0.0032317347,1.3726425e-05,0.99579865
20180112-080916-2.jpg,8,8,0.025324186,0.00036447754,0.00013124707,0.020756386,0.010323861,2.5342593e-05,2.525624e-05,0.023062365,0.91998678
20170210-132902-0.jpg,0,8,0.026363056,0.01028489,0.00015446864,0.0050828783,0.00024748227,0.0046617119,5.1561165e-05,0.038772311,0.91438168
20170920-101234-1.jpg,2,2,0.00010406425,0.00011977219,0.99528247,0.00014595699,0.00097947498,0.00035331046,0.00092474563,5.893446e-05,0.0020312814
20180109-091450-2.jpg,8,8,8.7408494e-05,0.00025078963,1.9076509e-05,0.00013337296,1.2790299e-05,0.0011661816,0.0048172316,9.9288249e-05,0.99341398
20170811-125256-2.jpg,0,0,0.84239471,0.00030292719,5.9143804e-06,0.00011651339,5.8444981e-05,0.0033397952,5.4674278e-05,0.13990572,0.013821268
20171220-083802-3.jpg,8,8,0.0019116834,3.4439825e-05,7.5872794e-07,0.00038139979,4.4803175e-05,0.0013805964,5.0779301e-05,0.0017555512,0.99444008
20170714-135001-3.jpg,1,1,0.0029212991,0.990448,7.0959368e-07,9.3773182e-05,3.0007202e-05,5.0655603e-06,0.00025736046,0.003423817,0.0028200292
20170210-132021-0.jpg,7,7,0.025752807,0.060332954,0.00037815905,0.001511216,0.00043544671,0.013767622,0.00030990166,0.74235845,0.15515347
20171218-110926-2.jpg,8,8,0.058148462,0.027121466,8.2079045e-05,0.050877769,0.00016723441,0.0035796571,0.00022061894,0.078781232,0.78102136
20171113-092203-3.jpg,5,5,0.00045136033,0.00030601473,2.5048805e-06,0.00017992646,1.2845398e-05,0.92561173,0.0063891239,0.0006085615,0.06643796
20170718-132207-2.jpg,7,7,0.016383631,0.02312988,4.4688779e-05,0.00038851509,2.6716414e-05,0.00048034498,0.00085473165,0.94851255,0.010178917
20170217-122030-0.jpg,0,0,0.99715698,0.00011279996,2.0176583e-07,7.2108321e-08,8.0863536e-08,2.6626463e-05,8.2445458e-06,0.0025174557,0.00017750595
20171113-101927-0.jpg,6,6,0.006513122,0.018601343,0.0015576164,0.0031941186,0.001803513,0.0014948712,0.88649362,0.015152035,0.065189742
20180112-070741-2.jpg,8,4,0.0055723088,0.0012408472,0.00030726613,0.0041197785,0.50084299,3.7810725e-05,0.00056494976,0.020946812,0.46636721
20171218-113245-3.jpg,8,8,0.00013733776,0.001205915,1.0678314e-06,0.00052469707,9.9356284e-06,0.0015905582,0.00076625432,0.00021074578,0.99555343
20170913-105841-3.jpg,5,5,0.00014973662,0.00022340029,2.5867763e-05,0.00028979237,6.6632289e-05,0.99834037,2.1424072e-05,0.00016341354,0.00071933301
20171113-115735-3.jpg,6,6,0.00051894522,0.00027561878,0.0018801708,0.00010778327,0.00054993824,0.00018662499,0.90437579,0.00072720379,0.091378011
20180105-092732-3.jpg,8,8,9.7639586e-06,0.00018208775,6.9371663e-06,1.9798914e-05,1.4907056e-05,0.00017757443,0.11302447,2.7796897e-05,0.88653672
20170127-101707-0.jpg,1,1,0.0031822321,0.9308182,2.7109025e-05,0.0021792762,5.0702241e-05,0.001378953,0.012540001,0.0093783997,0.04044522
20180322-111023-2.jpg,8,8,0.00048443192,0.00028620815,1.0366014e-05,0.00034721039,0.00010638908,0.00046565064,1.2336083e-05,0.00030574336,0.99798155
20171025-091306-1.jpg,3,3,0.13268405,0.015910778,0.0027278848,0.52965617,0.10637949,0.00063020526,0.00065720896,0.088142969,0.12321115
20171218-104012-2.jpg,8,8,0.022193573,0.062805437,8.2117571e-05,0.01523424,0.00030947136,0.096910067,0.0012051138,0.010301404,0.79095846
20171218-120734-2.jpg,8,8,0.00049964705,0.0006693998,4.0135151e-07,0.00016994269,6.5764489e-06,0.00041818482,0.0034999682,0.00042679344,0.99430919
20180109-095719-1.jpg,8,8,0.00013698405,0.00035588915,1.1230297e-05,4.0453928e-05,0.00028138899,1.3267905e-05,0.0010151903,0.00045929159,0.99768627
20180109-092223-2.jpg,8,8,0.0361856,0.0034631407,0.0007818935,0.020362778,0.0042838734,0.00044522321,0.065890938,0.030050348,0.8385362
20171220-090512-2.jpg,8,8,0.0020130696,0.0031562073,0.0037301118,0.0091717383,0.013159251,0.021032605,0.00072551757,0.0066519198,0.94035965
20170501-145007-0.jpg,8,8,0.0013546427,0.0029825354,0.00018633329,0.0027488801,0.0005802029,0.00059148698,0.0011338016,0.007458597,0.98296344
20180109-070530-1.jpg,8,8,0.017054271,0.003366787,1.373799e-05,0.00051321439,5.3345648e-05,0.00026466971,0.0016678039,0.00033424253,0.9767319
20180109-092518-1.jpg,8,8,7.0519786e-06,6.1339397e-06,5.390184e-07,5.5236078e-06,6.7579977e-06,4.3619434e-06,0.000608559,4.2305796e-06,0.99935681
20171113-151058-0.jpg,6,6,0.0011625845,0.0063390085,0.00090521795,0.0011256867,0.0003272834,0.00012477225,0.97318065,0.0027954483,0.01403931
20170811-124803-2.jpg,0,0,0.94018954,0.00036245753,3.2029529e-06,3.7132038e-05,6.3562002e-05,0.00049068191,1.2768845e-06,0.017447244,0.041404959
20180105-092255-2.jpg,8,8,0.00012878377,0.00021666671,0.00045696928,4.9529779e-05,0.00024595333,0.0006828389,0.016567221,4.2360862e-05,0.98160958
20170715-100156-1.jpg,1,1,0.00041779914,0.75325912,3.1917844e-07,5.9295385e-06,4.7846368e-07,0.00010902143,0.23274249,0.00057457521,0.012890209
20171212-094924-3.jpg,8,8,7.5419077e-05,2.5434054e-05,2.7818491e-05,3.5771569e-05,0.00065761962,1.5734997e-05,0.00042577009,8.3623781e-05,0.99865282
20171219-113516-2.jpg,8,2,0.00014138133,4.9957838e-05,0.90378499,0.0002851953,0.055449072,0.00029025285,0.0011705514,8.5878557e-05,0.038742717
20170920-130234-2.jpg,4,4,0.010153536,0.00018317736,0.22948749,0.26130173,0.33767277,0.00034411886,0.00066064362,0.011567686,0.14862891
20180109-103642-1.jpg,8,8,0.00027886126,0.00038160459,5.2718413e-05,0.00028442746,0.00023728705,1.3429451e-05,6.1862025e-05,0.00043053867,0.99825925
20171217-103334-2.jpg,8,8,0.0022273809,0.00020626394,1.4634047e-06,1.2327798e-05,4.7859839e-06,0.00012958299,0.00017266093,9.8771059e-05,0.99714679
20170728-122435-2.jpg,4,4,0.00099334877,8.8772467e-05,0.020760583,0.0036410096,0.91394186,7.0909147e-05,0.00012630475,0.00058801757,0.059789222
20171113-061405-1.jpg,6,6,0.0001481942,0.0069489558,7.2138682e-06,5.4893437e-05,1.3888251e-05,3.6471869e-05,0.98766088,0.00037030483,0.0047592064
20170627-103733-0.jpg,0,0,0.4734081,0.0011202502,8.7675682e-05,0.00091472623,0.00069269427,0.0082994709,1.0199964e-05,0.22421533,0.29125148
20180112-071644-2.jpg,8,8,0.0036524083,0.00064622017,0.00017384191,0.0041051521,0.026716081,2.9706967e-05,0.00030678348,0.0061813225,0.95818853
20171109-091242-2.jpg,5,8,0.020951614,0.28664294,0.00012101499,0.008029663,0.00022100883,0.0035681198,0.092031121,0.090102777,0.4983317
20171220-101811-2.jpg,8,8,0.010594621,0.027097624,1.081752e-05,0.009448153,9.0195055e-05,0.0075191702,0.016339272,0.024905948,0.9039942
20180105-094917-3.jpg,8,8,0.00069868,0.00029465923,0.0017276547,0.0001426916,0.0013778183,6.0467672e-05,0.013159579,0.00028622965,0.98225236
20180109-091017-2.jpg,8,8,0.063856579,0.060219534,0.00068941282,0.044553246,0.0020788666,0.0053702411,0.00049347302,0.099397562,0.72334099
20171113-175713-0.jpg,6,6,0.00021633499,0.0050877868,0.00025742751,0.00010058747,0.00010218133,7.6975164e-05,0.98994774,0.0015073407,0.0027036485
20171220-093619-2.jpg,8,8,0.0032202171,0.013563239,0.00018448,0.0064058006,0.00068671006,0.33342412,0.0039067511,0.0013449696,0.63726383
20171205-141044-2.jpg,8,8,0.00036558515,0.0060937423,4.8195052e-06,0.011931258,1.3511753e-05,0.032558814,0.00016858449,0.00036952115,0.94849408
20171109-072340-3.jpg,5,5,0.00019578128,0.00014031304,5.1558923e-06,0.00010724104,1.4594554e-05,0.59307784,0.039216157,0.00040260135,0.36684033
20170913-105113-1.jpg,3,3,0.0001420734,0.00010691056,4.4859302e-05,0.94519806,0.042493194,5.7984325e-06,0.00010825303,9.6322001e-05,0.011804591
20171218-111251-3.jpg,8,8,0.0045118588,0.0044030207,0.0025363138,0.00076078461,0.0036722105,0.015421685,0.0013885666,0.0036119248,0.96369362
20180125-135436-3.jpg,8,8,4.3445274e-05,4.6367863e-05,2.054628e-05,0.00010080677,0.0006108348,2.2019776e-06,7.9272104e-05,2.4173722e-05,0.99907231
20171109-093036-3.jpg,5,5,9.6533886e-06,2.3218197e-05,4.3654896e-07,1.5240668e-05,4.5244929e-07,0.9949469,0.00069773872,3.5365763e-05,0.0042710546
20170315-085005-0.jpg,8,8,0.037192039,0.0048052138,4.7394922e-05,0.0061894031,0.0045660916,0.00060846074,0.00016137655,0.016223151,0.93020701
20170714-170608-1.jpg,1,1,0.00017095011,0.99870408,8.1914287e-08,2.4345094e-05,4.0490443e-07,1.3956412e-06,2.5713889e-05,0.00098519213,8.7823522e-05
20171220-100441-1.jpg,8,8,0.0022890843,0.0018823749,7.2424638e-07,0.00086797791,5.2577884e-06,0.019483374,0.00022871149,0.0005165406,0.97472614
20170920-132642-2.jpg,2,2,6.792097e-05,1.0635262e-05,0.98708874,0.00036035254,0.011341694,4.8294682e-05,8.4996493e-05,1.5974496e-05,0.00098155392
20170727-170453-1.jpg,4,4,0.0059184274,0.0013250991,0.0010758744,0.0042849258,0.93823028,0.00041376762,0.0014718382,0.015422533,0.031857233
20180322-120327-2.jpg,8,8,0.0002125366,0.00047254414,3.1181025e-06,0.0015228946,0.00046686915,1.7143138e-05,4.1028277e-05,0.00024865894,0.99701536
20180125-092039-1.jpg,8,8,4.3230593e-05,9.4734947e-05,4.7928334e-06,0.00089195382,0.00063116103,1.3890603e-05,0.00013328869,0.00013299461,0.99805403
20180125-101142-2.jpg,8,8,5.4739266e-05,7.1887184e-06,0.00040526924,0.00035217588,0.00026354453,0.0002274289,0.0018717588,2.093848e-05,0.99679691
20180125-123225-2.jpg,8,8,0.00017568965,0.00055577542,0.00029153866,0.00048170032,0.0012998822,0.00027425736,0.016595658,0.00049360935,0.97983187
20171113-142826-3.jpg,6,6,0.00017266352,0.0018300957,0.0002541237,5.5190416e-05,9.968735e-05,1.6802423e-05,0.98284596,0.00049976859,0.014225701
20170610-122744-0.jpg,1,8,0.066458777,0.1327229,0.0058544157,0.013290735,0.11704373,0.00096122257,0.0030971589,0.1971796,0.46339151
20170906-104140-1.jpg,3,3,0.0079645319,0.020887418,0.0001245155,0.88610715,0.0049591232,0.00012779864,0.00011587807,0.0041146097,0.075599037
20171121-091140-3.jpg,6,6,0.00080277352,0.0005957653,4.3969754e-05,0.00014325697,0.00024335994,0.00027253747,0.98603237,0.0011881331,0.010677873
20180109-071653-1.jpg,8,8,0.0037213103,0.004368301,4.0378359e-06,0.0004550984,0.00014309795,0.0038832619,0.16849566,0.0014054482,0.8175239
20170210-134009-0.jpg,0,7,0.43789181,0.017001925,1.3274896e-05,2.8505738e-05,5.0675826e-06,0.00069853122,7.3451498e-05,0.54282916,0.0014583723
20180112-094246-1.jpg,8,8,0.017173516,0.0080808681,7.8433004e-05,0.00048351803,0.0019667544,0.0010579014,0.00030194427,0.023283716,0.94757354
20171025-091428-2.jpg,3,3,0.0092438003,0.0011619475,0.0036148333,0.41156018,0.16455624,3.1491316e-05,0.00023985621,0.00999228,0.39959943
20170920-163055-3.jpg,2,2,0.00035689687,6.2486841e-05,0.96309751,0.0069000907,0.024926873,7.8526595e-05,0.00033567316,0.00050449872,0.0037374606
20180322-112607-2.jpg,8,8,0.0010563692,0.00052923465,1.921185e-05,0.0009236589,0.0075463383,0.00023341519,3.362841e-05,0.0012310814,0.9884271
20170715-125535-1.jpg,1,1,0.0010461692,0.99879682,1.6342628e-07,1.0821217e-06,9.7920029e-08,1.047238e-06,1.6833716e-05,6.9621063e-05,6.8128647e-05
20170217-100120-0.jpg,7,8,0.034739591,0.036261167,0.0042065894,0.0036018149,0.0020724353,0.3079519,0.0028281191,0.22195497,0.38638335
20171218-103327-3.jpg,8,8,0.0015406372,0.00018233762,0.02469806,0.0034549076,0.017969385,0.00010395648,0.0017140287,0.0066143228,0.94372243
20180109-091805-2.jpg,8,8,0.0020632062,0.0060640275,0.0053249118,0.0015827389,0.0011934877,0.00055414269,0.025053831,0.004049316,0.95411426
20171122-101138-1.jpg,5,5,6.895313e-05,8.0728032e-06,8.9528862e-07,9.2028204e-06,1.3650545e-06,0.99940991,0.00027255891,6.034787e-06,0.00022294541
20170727-165114-1.jpg,4,4,0.0012717274,0.00024249847,0.00034405981,0.017377352,0.8406074,2.203141e-05,4.1718657e-05,0.0053050127,0.13478814
20170727-165953-1.jpg,4,4,0.00046300134,1.6746895e-05,0.0020221593,0.001882976,0.75211662,1.2482999e-05,0.00013722404,0.00082190632,0.24252684
20180125-133857-3.jpg,8,8,0.0093523655,0.13549508,0.00066817721,0.00059387018,0.0064450172,0.00039588267,0.13437678,0.049722105,0.66295063
20170714-140705-1.jpg,1,8,0.040597722,0.29421994,0.00022165809,0.011891403,0.00084664871,0.00031389404,0.0012773193,0.053686872,0.59694439
20180109-075835-2.jpg,8,8,0.0012730587,0.00043168323,0.031191984,0.001192417,0.021782218,0.00011986759,0.024285236,0.0055821068,0.91414154
20171025-095034-3.jpg,3,8,0.020891214,0.0008910668,0.017130181,0.2481229,0.039005335,6.5477238e-05,3.3780481e-05,0.014734059,0.6591261
20171113-133500-1.jpg,6,6,0.010344117,0.1033808,2.1254717e-05,0.0012470784,0.00010325439,0.012972611,0.61084914,0.0091096051,0.25197217
20171218-121726-3.jpg,8,8,9.3636751e-05,9.1519658e-05,6.4206843e-06,0.00023005583,3.1105021e-05,0.0047148047,0.0011252232,5.5451335e-05,0.99365175
20171218-104614-3.jpg,8,8,0.00012111551,0.00084002269,1.0281439e-06,0.00040174808,1.4572479e-05,0.00075868017,0.0031087215,0.00010731028,0.99464673
20180109-090406-2.jpg,8,8,0.026338652,0.0010472276,0.00098351296,0.0054026628,0.0014327002,0.00078242994,0.0010251504,0.0202893,0.94269824
20170913-101025-1.jpg,3,3,0.018252691,0.0031021747,0.00062386552,0.87562507,0.047991093,0.001625145,0.00012455507,0.0090624597,0.043592934
20180109-085320-1.jpg,8,8,0.00069599715,0.013632766,2.8754064e-05,0.0014568364,2.9030345e-05,0.0094169984,0.016885126,0.0013870653,0.95646745
20180322-130336-1.jpg,8,8,0.00085621735,0.003896818,6.2731692e-06,0.0025385218,0.00094490382,0.00028011051,0.00011393934,0.0011096613,0.99025363
20171108-123917-3.jpg,5,5,0.005632381,0.0010178578,3.2916012e-07,1.9391504e-05,5.4747159e-07,0.98574036,5.4813871e-05,0.0037231334,0.0038112414
20171212-092815-1.jpg,8,8,0.0068674246,0.0017903611,0.0033034286,0.063324668,0.035796862,0.0015673039,0.00027385991,0.0092566973,0.87781942
20180112-083002-1.jpg,8,8,0.027789559,0.0012900343,8.268511e-06,0.00084231741,0.00020087749,0.00028968431,7.813208e-06,0.03565735,0.93391424
20171220-083345-3.jpg,8,8,0.00038100014,0.00012773437,1.6257819e-06,0.00063803082,4.7112273e-05,0.0035017165,0.00059652154,0.00024378778,0.99446255
20171219-105039-3.jpg,8,8,0.041523393,0.0054278495,6.1363513e-05,0.020624617,0.019637607,0.00036801363,0.00032289073,0.015500729,0.89653355
20171113-133118-3.jpg,6,6,0.001270292,0.0024092484,0.00013547338,0.00050323934,0.0018034289,1.819729e-05,0.91298854,0.0063756839,0.074495919
20170727-155330-1.jpg,4,4,0.0010898832,0.00011735665,0.0054128692,0.0056479177,0.79142129,3.5877023e-05,0.00026597377,0.0071600825,0.18884884
20171113-143335-3.jpg,6,6,6.8768721e-05,0.0004470741,7.2584589e-07,2.6961475e-06,7.2778289e-06,3.2155308e-06,0.99879432,0.0002925212,0.00038337239
20180322-133525-1.jpg,8,8,0.00033515703,0.00022772631,3.5029248e-06,0.0027348879,0.013350539,1.5234424e-05,3.4160334e-05,0.00056452374,0.98273414
20170704-154226-0.jpg,8,8,0.0090422435,0.0053288168,0.02324958,0.01348183,0.020463683,0.0012937016,0.003686453,0.020196216,0.90325737
20180105-103614-2.jpg,8,8,4.207302e-06,3.576892e-05,0.00015817262,3.3269996e-06,1.4334631e-05,6.951695e-06,0.008916284,2.0258774e-06,0.99085897
20171205-133832-2.jpg,8,8,0.031974185,0.030040188,0.00092429091,0.0030340282,0.0075328751,0.0067142188,0.00034405658,0.040004931,0.87943107
20170727-115818-3.jpg,4,4,0.0006335479,5.7165606e-05,0.15241337,0.0015957701,0.83051831,0.0047839284,0.00043881251,0.00037762924,0.0091814557
20180322-120027-2.jpg,8,8,0.0017963185,0.00037378643,7.3194788e-06,0.00104874,0.00022955298,9.7457356e-05,1.3340679e-05,0.0013720464,0.99506146
20180112-082052-1.jpg,8,8,0.029758921,0.0013731198,1.2895366e-05,0.00021621074,0.00019830569,0.00035615763,2.7124011e-05,0.050460137,0.91759706
20170906-134121-1.jpg,3,8,0.030600853,0.0039438601,0.077846438,0.031455491,0.2971971,0.0026533359,0.001670767,0.10143752,0.45319459
20180112-081620-1.jpg,8,8,0.0002790718,1.9309411e-05,2.3746575e-06,0.00027266637,0.0024904825,2.5036059e-07,1.989049e-06,0.00137433,0.99555957
20170217-101309-0.jpg,0,0,0.90240061,0.0054196031,3.3750725e-06,1.8610157e-05,6.356217e-06,0.00051842252,0.00010572672,0.0059246575,0.085602604
20171212-105238-3.jpg,8,8,0.01327868,0.0033614642,6.9536068e-06,0.0014090518,0.00021292215,0.00025906137,0.00015174717,0.0021979264,0.9791221
20180109-070134-2.jpg,8,8,4.8173912e-05,0.00040601761,0.00085506018,6.3312356e-05,0.00066248572,3.6869951e-05,0.011442466,3.0603685e-05,0.98645496
20171109-091542-3.jpg,5,5,3.3114484e-06,3.210873e-06,5.3197262e-08,4.3495552e-06,2.2038195e-07,0.99957007,1.5253218e-05,1.7168496e-06,0.00040191304
20170714-141955-3.jpg,1,1,2.3069575e-05,0.99990785,7.6309901e-09,1.9491853e-07,1.6222241e-08,1.9906912e-07,1.1103169e-05,5.0670198e-05,6.8209993e-06
20170217-120349-0.jpg,0,0,0.94795251,0.00086553651,2.3552808e-05,6.6944158e-05,3.5663837e-05,0.012641313,0.00077302509,0.0069275778,0.030714026
20171109-072905-3.jpg,5,8,0.0035209002,0.00014755629,6.3148896e-06,7.9796366e-05,1.4415499e-05,0.28620669,0.0044148592,0.0016103798,0.7039991
20170404-153733-0.jpg,7,7,0.010725796,0.011994864,2.5768619e-05,0.00019339944,1.0147011e-05,0.0039352383,9.3632516e-05,0.96153444,0.011486733
20171203-173549-3.jpg,8,8,0.0018830227,0.019513432,0.00011333079,0.01103267,0.003315541,0.0013723709,0.0044428618,0.0032948602,0.95503205
20180109-095534-1.jpg,8,8,0.00074929203,0.00080464728,0.0020882979,0.0021487249,0.0033470872,0.00057873339,0.0031684765,0.0019798437,0.9851349
20180109-074021-2.jpg,8,8,0.00037743241,0.028597342,4.1790452e-05,0.00028149123,0.00010056215,3.4827171e-05,0.18596362,0.0031206314,0.78148228
20180109-091218-2.jpg,8,8,0.00065915508,0.014860488,5.6039262e-06,0.0082245544,0.00024349462,0.00041957144,0.001174741,0.00098119734,0.97343123
20180112-081026-2.jpg,8,8,0.011348541,0.0031430831,0.0083924364,0.0051858453,0.091524281,0.00050903915,0.013815435,0.024402244,0.84167916
20171220-091833-2.jpg,8,1,0.0064422712,0.8532328,2.9533298e-06,0.00038829065,3.0904455e-05,0.0006644543,0.0013181306,0.0017034305,0.13621666
20170727-135349-1.jpg,4,4,0.0005757258,3.8878115e-05,0.00043093148,0.0038992225,0.91563386,0.00010250328,3.5467696e-05,0.0014528675,0.077830561
20171109-071926-1.jpg,5,5,0.0022217855,0.0056276266,5.5062737e-06,9.86019e-05,3.7706627e-06,0.87509459,0.068450414,0.011688965,0.036808632
20170920-113512-2.jpg,2,2,5.0178787e-05,1.506777e-05,0.99076217,9.42689e-05,0.004951789,2.3254461e-05,0.00028295227,1.0052022e-05,0.0038102833
20171220-093220-3.jpg,8,8,5.6734571e-05,1.2230539e-05,7.8191057e-08,0.00028928131,1.2621811e-05,0.00025671028,4.0087616e-06,1.4204949e-05,0.99935406
20171218-110513-2.jpg,8,8,0.0037335139,0.047662731,7.2937168e-05,0.0036311392,0.00013265749,0.040138982,0.0022039164,0.017809736,0.88461447
20170728-124147-3.jpg,4,4,0.070692539,0.0008833062,0.00070094323,0.078171246,0.70945573,0.00051667116,3.7735361e-05,0.028574975,0.11096685
20170920-113424-3.jpg,2,2,0.00056163751,5.604326e-05,0.66673344,0.0011630671,0.2914795,0.00037884168,0.0013160254,0.00045590012,0.037855603
20171109-194758-1.jpg,5,5,0.0012344614,0.0029620491,2.6065743e-06,0.00082380034,4.0471832e-06,0.94379133,0.0030209513,0.0036189121,0.044541821
20170727-163144-1.jpg,4,4,0.00016484673,6.7977785e-06,0.0007356737,0.00091628829,0.89718759,5.5792784e-06,1.6881591e-05,0.00064675196,0.10031965
20180105-094850-3.jpg,8,8,0.001591507,0.0016537687,0.012835818,0.0015433655,0.12211804,0.00013144378,0.0079035535,0.0014329049,0.85078973
20180105-092256-3.jpg,8,8,0.00035746628,0.00021136864,0.00055447762,0.0018246495,0.0023954757,0.0033062578,0.020944843,0.00025905974,0.97014648
20170811-155131-2.jpg,0,0,0.77661258,0.0016993548,1.6436927e-05,1.7001053e-05,3.027218e-05,0.005687885,0.011421525,0.0093186395,0.19519617
20180125-091540-2.jpg,8,8,6.1674451e-05,1.1043702e-06,7.1066781e-05,3.5262634e-05,0.00055767712,6.3887801e-06,0.00036326659,3.6984009e-05,0.99886656
20170714-113721-2.jpg,1,1,0.0099249193,0.93091083,0.00016501723,0.0011645905,0.00031922638,0.0001046153,0.010755597,0.020855211,0.025799913
20180112-102905-1.jpg,8,8,0.016225791,0.0029709293,0.00019410637,0.0093116481,0.0037804465,0.00072897464,0.00019680749,0.011791367,0.95479983
20171109-090628-2.jpg,5,5,4.0802057e-05,1.4274297e-05,4.9886796e-07,4.9675468e-06,1.4222437e-06,0.9978956,0.0011818719,3.289069e-05,0.00082768372
20170217-104135-0.jpg,0,0,0.7114833,0.0078508733,8.4763509e-05,0.00014946226,6.8238252e-05,0.011811975,0.003597874,0.082997717,0.18195578
20171113-144236-2.jpg,6,6,0.00021534892,0.0068822433,1.8190132e-05,4.2087479e-05,1.8741437e-05,3.6712925e-05,0.98992842,0.00079888041,0.002059337
20170630-155611-0.jpg,7,7,0.00970357,0.00078596745,9.7471184e-07,4.0336085e-06,3.550972e-07,9.7363511e-05,0.00061552133,0.98818344,0.00060884008
20180109-103907-2.jpg,8,8,0.0035918236,0.0014969036,0.0060314317,0.015046395,0.014966838,8.1291888e-05,0.0024061343,0.0086568771,0.94772214
20171109-175424-2.jpg,5,6,0.010053516,0.091641545,3.6209691e-05,0.0035255838,4.4471708e-05,0.0088686822,0.63279724,0.09914773,0.15388504
20170718-132014-2.jpg,7,7,0.035885394,0.00097386981,8.2332799e-06,3.1697669e-05,1.524619e-05,8.5393098e-05,0.00014230507,0.95922744,0.0036304479
20171109-085248-2.jpg,5,8,0.0034448046,0.0039941976,3.785942e-05,0.01549192,7.2902141e-05,0.33029631,0.00046936679,0.00094221305,0.6452505
20171219-110229-2.jpg,8,8,0.0147531,0.063721254,0.00038415554,0.11870533,0.0037509971,0.024479128,0.0013296315,0.011167491,0.76170897
20180322-105156-1.jpg,8,8,0.0067759897,0.00090671418,2.012512e-05,0.00023539412,0.00077594846,0.0019923805,6.7394481e-05,0.0017152526,0.9875108
20171025-081611-2.jpg,3,3,0.075728334,0.0078768479,0.00019155047,0.5429728,0.017112924,0.00057567691,0.00087309699,0.054051407,0.30061734
20171025-075925-1.jpg,3,8,0.019181933,0.0051260539,0.00038186403,0.29117581,0.098695882,2.96624e-05,0.00054529909,0.037739269,0.54712415
20170410-124438-0.jpg,0,7,0.41881678,0.00062973716,1.461601e-05,8.2718194e-05,1.3274032e-05,0.016843269,0.00010439621,0.5383901,0.025105091
20171025-074215-3.jpg,3,3,0.00070570892,0.020435357,6.7802409e-07,0.96606189,0.00044795364,8.341688e-06,4.5368655e-05,0.0067535662,0.0055411994
20180109-075438-2.jpg,8,8,0.00048253199,0.00031092513,0.16168413,0.00090889604,0.0059460406,5.2039351e-05,0.042803641,0.00030721514,0.78750461
20170920-134406-2.jpg,2,2,0.001239942,0.00014527634,0.82902694,0.0050163642,0.14555104,0.00058129599,0.0013036585,0.0014994346,0.015636008
20180322-112907-1.jpg,8,8,0.00026814544,3.455257e-05,0.00019813859,0.00029776763,8.7571163e-05,0.00010459767,3.3021712e-05,9.4574287e-05,0.99888176
20180322-130759-1.jpg,8,8,0.00088974898,4.0384377e-05,0.00065656897,0.0002681324,0.0079649268,2.8429327e-05,2.8387631e-05,0.0002751312,0.98984832
20170913-103551-1.jpg,3,3,0.00022342484,0.00011187654,3.054841e-05,0.89391804,0.03252393,0.00010314968,0.00010574354,5.1503052e-05,0.072931916
20171121-072546-1.jpg,6,6,0.00015795555,0.0027166393,2.0518935e-06,3.59923e-05,3.0493572e-06,2.6953363e-05,0.98411143,0.00058413338,0.012361793
20170217-102546-0.jpg,0,0,0.98203838,9.7239637e-05,1.5030659e-05,1.9369632e-05,3.9569029e-05,0.0036952381,0.00095795054,0.0019988923,0.011138362
20171025-092626-2.jpg,3,3,0.0013105649,3.1473286e-05,0.00010844773,0.91973823,0.0049882364,7.3911315e-06,1.3276533e-05,0.00069592625,0.073106542
20171219-100808-2.jpg,8,8,0.021977417,0.008008278,0.0014415897,0.026498983,0.11983104,0.00024511066,0.00048065183,0.072806336,0.74871051
20170913-125708-3.jpg,5,5,0.32443458,0.021681005,0.00075964991,0.0091377152,0.00057223765,0.49181679,0.025593091,0.040792219,0.085212752
20171219-112256-3.jpg,8,8,0.0016260109,0.00084219966,0.0033710436,0.005289102,0.018832328,2.0812015e-05,0.0086962124,0.00259719,0.95872509
20170920-113554-3.jpg,2,2,0.00023700038,5.86428e-05,0.97978652,0.00094350439,0.012239362,9.4772171e-05,0.00035850017,0.00021641617,0.0060653263
20170128-103951-0.jpg,8,8,0.015681047,0.03851686,1.2543856e-05,0.29817384,0.0059575359,3.3378965e-05,1.2611003e-05,0.012324076,0.62928808
20171102-093704-3.jpg,4,4,0.018003859,0.00083704444,0.00072607154,0.15967108,0.40710092,9.3796079e-05,2.2941918e-05,0.025958512,0.38758588
20170811-115202-1.jpg,0,0,0.95050526,0.0041495203,0.00041709028,0.00021540499,0.0015335139,0.0015972984,0.00077143131,0.0054919394,0.035318531
20170727-144130-1.jpg,4,4,0.0035807185,0.0002455732,0.23960938,0.002493642,0.64920861,0.0018161798,0.00098315172,0.0053110556,0.096751653
20180112-074852-2.jpg,8,8,0.010330741,0.00064742978,0.0019206455,0.010779355,0.024208289,0.0042716884,0.0012040982,0.0027618601,0.94387585
20180105-095705-2.jpg,8,8,0.00031671274,0.00012487247,0.012016441,6.8653564e-05,0.0031469807,0.00015397149,0.035648279,0.00028487502,0.94823915
20170727-143900-3.jpg,4,4,0.0024696465,0.00056557305,0.048007231,0.02973474,0.72846383,0.0013422498,0.0023971782,0.0075771078,0.17944236
20180105-092814-2.jpg,8,8,2.1909582e-05,6.5137159e-05,2.5092573e-05,2.6565187e-05,0.00012781752,9.2106187e-05,0.078063183,1.209429e-05,0.92156631
20170913-125052-3.jpg,5,5,0.001616674,0.0001368009,0.00020581714,0.01633409,0.0081892265,0.9203651,0.00014579498,0.00032945583,0.052677017
20180112-091123-2.jpg,8,8,0.0026673777,0.00017306057,0.00014372052,0.00038708095,0.00019252907,0.00067314447,0.00012123553,0.0010572495,0.99458462
20180119-115419-1.jpg,8,8,0.027861554,0.018092996,0.049807403,0.056012146,0.037945971,0.0011018065,0.0079137422,0.02549007,0.7757743
20180112-075941-2.jpg,8,8,0.06307517,0.0012005761,0.00017085014,0.0023611882,0.019777849,0.00081225275,7.2991802e-06,0.12080671,0.79178804
20170714-141510-3.jpg,1,1,0.00021697018,0.99689049,2.8806388e-08,1.4779509e-06,1.1180373e-07,1.4425355e-07,0.0018916023,0.00095852732,4.0762083e-05
20180119-110943-1.jpg,8,8,0.0048975111,0.14795221,0.0024138531,0.0083439108,0.011766385,0.00061780284,0.21291998,0.026756568,0.58433193
20171109-085627-2.jpg,5,8,0.002381599,0.084036723,2.1636521e-05,0.0045776768,9.7338125e-05,0.23684594,0.0020891132,0.0015853608,0.66836452
20171201-115856-1.jpg,8,8,0.00043086355,0.0006254114,1.6361963e-06,0.0005084835,4.8979118e-06,0.12173579,0.0050461432,0.00036483785,0.87128192
20170217-095711-0.jpg,7,7,0.0034177166,0.0065877703,1.797993e-05,0.00017808605,1.4201027e-05,0.0015389657,0.086538292,0.84291589,0.058791131
20180105-094335-3.jpg,8,8,0.0005695959,0.0012292463,0.0025092305,0.00051033124,0.0099899294,0.00028033243,0.058646217,0.0015342144,0.92473108
20170728-124629-3.jpg,4,4,0.0022628731,6.1543185e-05,0.00022301616,0.0095622279,0.95861828,0.0001506182,5.9612821e-06,0.002113448,0.027002091
20171113-123943-3.jpg,6,6,0.00016681493,0.0039839987,0.05876473,0.00016218834,0.00027608644,0.0018776348,0.8398028,0.00023745319,0.094728313
20171025-081108-3.jpg,3,3,0.029842691,0.0076811439,0.00011036936,0.43624908,0.22103439,7.0812639e-05,1.2372725e-05,0.031476237,0.27352288
20180125-131604-3.jpg,8,8,0.016127149,0.016846385,0.00028868232,0.00072138407,0.015448706,0.0012080299,0.00078371697,0.030520752,0.91805506
20170714-150337-1.jpg,1,1,0.0010265455,0.7387718,9.2508039e-05,0.00068060041,0.00010862721,0.00093603984,0.041195203,0.0039765476,0.21321225
20170715-125342-1.jpg,1,1,0.0020093988,0.99643743,2.3041669e-06,1.2580775e-05,9.5799476e-07,1.0890453e-05,0.0009783291,0.00031976588,0.00022832921
20170727-170748-3.jpg,4,4,0.00013603296,4.2837646e-06,0.0014411618,0.00045201194,0.79585296,4.9519581e-06,0.00011874831,0.00035603589,0.20163375
20171102-120842-2.jpg,2,2,5.2311028e-05,5.4252314e-06,0.9947654,0.00015980573,0.0030972061,9.4767216e-05,0.00015865741,3.3217158e-05,0.0016332013
20180112-083254-1.jpg,8,8,0.0026279364,0.00052159687,0.00021532827,0.00060011673,0.0029390696,2.8857679e-05,0.00016173301,0.0057217549,0.98718357
20170714-141443-3.jpg,1,1,0.007871245,0.86235654,7.9674959e-05,0.0087738717,0.0011668389,0.00018503706,0.0063211438,0.10612172,0.0071239704
20180105-091702-2.jpg,8,8,2.987673e-06,1.8457207e-05,2.5497227e-06,4.984083e-05,5.1574607e-05,0.0004324578,0.042669378,4.4368066e-06,0.95676833
20170129-103822-0.jpg,8,1,0.028740518,0.39155033,0.00016625872,0.03647605,0.0030074187,0.0043600169,0.12617901,0.064948954,0.34457135
20170920-132003-2.jpg,2,2,0.00040470177,0.000134355,0.9743849,0.0017763813,0.010764607,0.00031381258,0.00024858734,0.00044794392,0.011524753
20180322-112013-2.jpg,8,8,2.6488091e-05,3.4807414e-05,9.9558996e-08,4.1215797e-05,1.1597344e-05,1.9373992e-06,3.9102125e-07,1.2097526e-05,0.99987149
20180125-132919-3.jpg,8,8,0.0081652254,0.019250544,0.0021609648,0.023389012,0.16388497,9.7888405e-05,0.0063568768,0.040947024,0.73574758
20180119-105217-2.jpg,8,8,0.028191302,0.071241945,0.0090817269,0.0069904584,0.12743251,0.00022801515,0.0070450366,0.099249937,0.65053898
20171212-103650-3.jpg,8,8,0.079103708,0.016490277,0.00036734622,0.0010956384,0.00077693473,0.012042425,0.11753951,0.062975213,0.70960891
20180109-072236-2.jpg,8,8,0.00014810865,9.6192853e-05,0.031514402,0.00038015741,0.0019717701,0.00078301289,0.031635378,0.00012965364,0.93334115
20171220-094919-2.jpg,8,8,0.0069280379,0.019797537,0.00011967184,0.012836841,0.0012933413,0.0029600896,0.012341449,0.029064944,0.91465807
20170630-151310-0.jpg,7,8,0.11340559,0.080414161,0.047940534,0.013407882,0.013638586,0.0076022455,0.11913864,0.19380069,0.41065168
20170128-103914-0.jpg,8,8,0.026806731,0.032891501,0.0015387844,0.034020364,0.26409402,0.00097396167,0.0061461981,0.10113058,0.53239787
20180125-134115-2.jpg,8,8,0.0032755928,0.0045846286,0.00033608201,0.0016971283,0.01707262,0.00038526242,0.00077908253,0.0064005442,0.96546912
20180125-093121-1.jpg,8,8,3.1796633e-05,9.165783e-06,5.0467679e-06,0.00012214881,0.00074218388,4.0680206e-06,0.0001802373,3.2419375e-05,0.99887294
20180109-104222-1.jpg,8,8,0.0015171646,0.0001324031,0.0012320695,0.0014296194,0.015535513,8.1715343e-06,0.00012417296,0.003856865,0.97616392
20180119-115158-1.jpg,8,8,0.0057218792,0.18000475,0.0035651568,0.0097553525,0.0019043123,0.0040909788,0.12685128,0.036585417,0.63152081
20171121-082329-2.jpg,6,6,6.8925401e-05,0.011899932,5.5379919e-06,6.456444e-05,1.3127823e-05,0.00040909316,0.94158846,0.00032962754,0.045620639
20180109-071148-2.jpg,8,8,1.0909636e-05,3.7728179e-05,0.000708126,2.0366962e-05,0.00046863849,1.765242e-06,0.0048089693,6.5533241e-06,0.99393702
20180322-113610-2.jpg,8,8,0.00010541767,0.00019090805,8.1786464e-05,1.2612674e-05,0.00027721727,2.3072607e-05,0.0028464305,7.1290808e-05,0.99639124
20170715-164251-1.jpg,1,1,0.00037635211,0.99367392,1.6796444e-05,0.00014080697,5.7773373e-06,1.1248653e-05,0.0039979271,0.00025563754,0.0015214442
20170711-120751-0.jpg,0,3,0.019115971,0.015009983,0.055206351,0.48097461,0.02399368,0.01044188,0.012988611,0.0086990688,0.37356973
20180112-070035-2.jpg,8,8,0.0013655768,0.00018764283,1.9308989e-05,0.013191664,0.12738256,4.100662e-06,7.4626455e-06,0.0028213197,0.8550204
20171212-095947-3.jpg,8,8,0.00017307844,0.00048186825,3.6195217e-08,0.00030087156,4.5729544e-07,0.0011055813,0.0001834288,0.00024682478,0.99750781
20170630-150701-0.jpg,7,1,0.067596905,0.58026123,0.0003384322,0.00028328813,2.999314e-05,0.00034835134,0.14656256,0.18593137,0.018647794
20171218-112959-3.jpg,8,0,0.48828897,0.11179411,0.00020086722,0.00059882976,8.0410777e-05,0.064839065,0.0018222983,0.20987976,0.12249571
20171219-113011-3.jpg,8,8,8.0758982e-05,2.2376309e-05,0.0080415634,0.00013985208,0.0021133344,8.5450571e-05,0.0032999003,4.1761097e-05,0.98617506
20170714-145835-1.jpg,1,1,0.0013996008,0.92555577,2.4526422e-05,0.0010681305,0.00028287532,0.00038890645,0.0015149581,0.0042526782,0.065512508
20180112-103908-2.jpg,8,8,0.0019191174,0.00051564834,0.00015377563,0.00040957922,0.00013590443,0.0037084518,0.0001536317,0.00068851304,0.99231541
20171122-101153-1.jpg,5,5,3.5098167e-06,5.7988819e-07,2.1729649e-08,1.9843735e-07,2.2867841e-08,0.99998689,2.9841108e-06,4.9288354e-07,5.3740073e-06
20171113-121009-2.jpg,6,6,2.0509082e-05,0.00038893556,1.2484143e-05,7.1981431e-06,2.3764533e-05,3.7399732e-05,0.9985159,0.00049522106,0.00049861602
20170630-155234-0.jpg,7,8,0.11096423,0.088273562,0.0001672861,0.0084163398,0.0032562732,0.0017317141,0.0010367663,0.31075644,0.47539741
20170729-091120-1.jpg,4,4,0.00073603186,3.3965967e-05,0.011193643,0.00059890863,0.9574911,3.9017377e-05,0.00023717753,0.0018272006,0.02784295
20171113-151323-3.jpg,6,6,2.0293923e-05,3.7911104e-05,3.5945736e-06,3.8243481e-05,1.5513511e-05,7.1703515e-05,0.99713922,5.2452961e-05,0.0026210805
20170129-102354-0.jpg,8,1,0.26412132,0.37103355,0.00010519621,0.032934494,0.0014865784,0.00070751831,0.00022748702,0.10906915,0.22031462
20180112-100712-2.jpg,8,8,0.0047055837,0.00015631808,8.1720798e-05,5.2856994e-05,0.00013470503,0.00043245434,4.4854871e-05,0.00034664513,0.99404484
20170714-112945-2.jpg,1,1,0.0082267169,0.42373833,0.00085455523,0.11970723,0.0055443747,0.00053394452,0.028756032,0.012100572,0.40053818
20171218-121417-2.jpg,8,8,0.0028829314,0.01228693,2.6726859e-05,0.0025729924,0.00029048097,0.00092105585,0.00092713005,0.0098422775,0.97024947
20170920-101830-3.jpg,2,2,0.00010086557,3.0729101e-05,0.98943824,0.00051414495,0.005032951,8.1747959e-05,0.0002426227,1.9110454e-05,0.0045396392
20171109-093307-3.jpg,5,5,1.439978e-05,6.8557997e-06,1.7449041e-07,8.2518372e-06,6.6693212e-07,0.99906355,8.8231216e-05,6.6792795e-06,0.0008111677
20171212-103436-3.jpg,8,8,0.003924035,0.033438507,2.5332647e-05,0.0026186917,0.00048514758,0.00098247582,0.0014491928,0.003835585,0.95324105
20171025-092722-1.jpg,3,3,0.01244804,0.00057112827,8.0796519e-05,0.90179926,0.040053673,2.7578044e-05,6.374377e-05,0.0043992247,0.040556572
20170217-121630-0.jpg,0,8,0.11233886,0.0035195104,0.0021158881,0.0033441037,0.014852379,0.0030976827,0.032288689,0.06975022,0.75869256
20180112-073129-1.jpg,8,8,0.023291241,0.0021442126,3.6537908e-06,6.3409134e-05,1.7349912e-05,0.0012807776,5.362165e-05,0.043597765,0.92954808
20180109-074011-2.jpg,8,8,2.4143403e-05,0.00018914562,2.6193411e-06,7.7293271e-06,8.286499e-06,2.3889266e-05,0.038232841,5.2972151e-05,0.9614585
20170728-115909-2.jpg,4,4,0.00055788946,2.3145807e-05,0.0012450251,0.00082993839,0.9768728,0.00022114137,9.895063e-05,0.00031991347,0.019831134
20180109-104628-1.jpg,8,8,0.0030081132,0.00012656262,0.00031266082,0.00051778951,0.00067677809,8.1239741e-05,3.7470116e-05,0.0013451132,0.99389428
20180322-133358-1.jpg,8,8,0.0054213307,0.011746101,0.00014404654,0.062071059,0.14613464,0.00012098326,0.00012595263,0.006558835,0.76767701
20180125-094451-2.jpg,8,8,0.00013917156,0.00041310591,1.8751018e-05,0.011464324,0.0068763709,6.8693994e-06,0.00013561694,0.00079273299,0.98015296
20180112-074526-2.jpg,8,8,0.040310878,0.0022064426,0.00010569301,0.0024299622,0.00094719883,0.00015468348,1.0801205e-05,0.065469228,0.88836491
20171113-142730-3.jpg,6,8,0.00011137177,0.001506059,0.00020318519,0.0001582687,0.00052924367,8.6387226e-05,0.23523492,0.00034805934,0.76182246
20170129-102342-0.jpg,8,8,0.17375079,0.11692785,0.00081886176,0.035016842,0.0010122999,0.0029558104,0.0012809586,0.052074704,0.61616188
20171113-115546-0.jpg,6,6,0.0014914722,0.0088855503,0.00058370363,0.0010914207,0.00041953838,0.00020255111,0.97579986,0.0047133346,0.0068125767
20170129-103005-0.jpg,8,8,0.021083526,0.24994721,0.00081509317,0.008780879,0.0044071674,0.0027574706,0.044066988,0.01336636,0.65477532
20171219-101900-3.jpg,8,8,0.0050173206,0.032662872,0.0045089638,0.0061565493,0.021737212,0.0016570942,0.0074718548,0.0092012035,0.91158706
20170906-112157-1.jpg,3,4,0.017938804,0.0031193718,0.018118557,0.18652049,0.5923382,0.00011196812,0.0028989469,0.023751091,0.1552026
20171220-093020-3.jpg,8,8,2.5309322e-05,3.3318644e-05,1.2873674e-07,0.00070258259,8.5450947e-06,0.0017256258,3.6493835e-05,1.1494317e-05,0.99745637
20180119-115145-1.jpg,8,8,0.010174421,0.16560693,0.0016748083,0.056156401,0.0015792063,0.0010229198,0.23902418,0.12036496,0.40439618
20170714-190106-1.jpg,1,1,5.8502872e-05,0.99988031,6.9266139e-09,1.4867292e-07,9.3393746e-09,6.6459449e-08,4.4115368e-05,1.4588315e-05,2.3211246e-06
20171102-122536-1.jpg,2,4,0.019225989,0.0017893135,0.028429838,0.033267666,0.65802985,0.00038456864,0.00027002618,0.094598465,0.16400433
20180119-105113-1.jpg,8,8,4.1153155e-05,0.0017555113,6.8857953e-06,0.0012901538,5.3636988e-05,0.00035116117,0.00081643835,6.4833948e-05,0.99562019
20180105-100245-3.jpg,8,8,0.00017795732,0.00011157865,0.060055263,0.00014530453,0.0082546407,5.9175898e-05,0.014250238,0.00017972392,0.91676605
20180109-091932-1.jpg,8,8,0.00041811902,3.8766299e-05,1.2104779e-05,7.0850423e-05,0.0001122669,0.00058104243,0.068875499,0.001297455,0.92859399
20170707-110305-0.jpg,7,8,0.037161414,0.0064394712,0.0001569372,0.0060637603,0.0082692532,0.0021106522,4.7025384e-05,0.043176387,0.89657521
20171219-113752-2.jpg,8,2,0.00062692229,0.00014936891,0.44407421,0.0037348054,0.3065941,0.00015981327,0.0027563886,0.0017360251,0.24016838
20180125-094949-1.jpg,8,8,3.6218482e-06,2.058036e-06,3.7763348e-07,2.186213e-05,3.6176709e-06,3.9534571e-05,0.00012491671,1.4176883e-06,0.99980277
20171212-103113-3.jpg,8,7,0.019601861,0.027584879,7.2188427e-06,0.00061815733,2.4094406e-05,0.00049248285,0.00073101243,0.83362645,0.11731383
20170705-162324-0.jpg,7,7,0.055885844,0.0030711745,4.1391322e-06,6.4864405e-05,2.3704781e-05,0.00056054548,1.3424518e-05,0.93364322,0.006733051
20180112-094300-2.jpg,8,3,0.041444581,0.0010942449,0.00069901987,0.50739706,0.033466719,4.4762382e-05,0.00029286192,0.19686589,0.21869487
20170920-175053-1.jpg,4,8,0.00062755286,0.00048996671,2.1161599e-05,0.018925738,0.090021238,0.00014333293,7.9205041e-05,0.0023266561,0.88736504
20171220-095043-2.jpg,8,8,0.00041407495,0.00022045341,2.2776978e-06,0.0012163006,9.9544595e-06,0.019838614,0.00069830747,0.0016100539,0.97598994
20170920-114127-2.jpg,2,2,0.00076922541,0.00012348156,0.70830494,0.00083926547,0.20367657,0.00036349642,0.0025704703,0.00069077848,0.082661644
20171108-124659-3.jpg,5,5,0.0087032747,0.00043660781,1.342053e-06,0.00054167793,3.5376263e-06,0.80983531,0.0058009545,0.010385924,0.16429129
20180125-095523-1.jpg,8,8,0.0051725679,0.00012877682,1.8962797e-05,0.00027647379,0.00047413851,0.00056214695,0.00025935454,0.00044842353,0.99265915
20180109-085716-1.jpg,8,8,7.0081427e-05,0.000264364,1.8254209e-06,0.00013363156,4.7638398e-05,3.0042867e-05,0.0040935739,0.00020662374,0.99515224
20180322-113840-2.jpg,8,8,2.3277573e-05,9.5261545e-05,3.4968775e-07,0.00022433515,0.00036084882,9.3704898e-07,7.7555769e-06,5.6537945e-05,0.99923074
20170704-154139-0.jpg,0,8,0.067990795,0.011243262,0.00027694571,0.083064109,0.0018267524,0.002617596,0.0033204479,0.19080029,0.63885987
20170727-162222-1.jpg,4,4,0.00080472312,8.4131541e-05,0.0013055594,0.0053617111,0.91167998,6.2756677e-05,0.00011149935,0.0016827304,0.078906998
20171113-144143-2.jpg,6,6,0.00069299253,0.002953972,0.00011467077,9.3909672e-05,0.00025162779,0.00034226567,0.98588598,0.0015252468,0.0081392778
20170405-155159-0.jpg,0,8,0.19838144,0.011558333,8.1240578e-06,0.0001020098,2.8939389e-06,0.0025404396,0.0013760638,0.19511318,0.59091759
20170705-170108-0.jpg,7,8,0.028287482,0.0053408854,0.00053324952,0.0024877982,0.042960059,0.0021083348,0.0025580858,0.15890595,0.75681812
20171102-115412-2.jpg,2,4,0.01482049,0.0066149784,0.29999948,0.065794639,0.35269001,0.0070028896,0.012405108,0.037551623,0.20312072
20180125-101111-2.jpg,8,8,5.8674982e-06,4.1447134e-07,4.6247965e-06,4.1815096e-05,2.0533245e-05,4.0147275e-05,0.00053223874,1.4135035e-06,0.99935299
20170714-122619-3.jpg,1,1,0.02462724,0.81116623,7.9559133e-05,0.00059848983,0.0002630282,0.00026062189,0.036361538,0.012639376,0.114004
20180125-125955-2.jpg,8,8,0.00030741302,0.00068940932,5.8733922e-06,0.00060654199,0.0013960972,2.9552783e-05,0.0001445669,0.00025906332,0.99656135
20171113-133039-1.jpg,6,6,8.2009719e-06,0.0036554469,2.4046113e-07,5.4992229e-06,8.898773e-07,7.72063e-07,0.99459213,7.0472401e-05,0.0016663185
20180125-131201-2.jpg,8,8,0.086369336,0.077265546,0.0029689763,0.044934925,0.022477202,0.0016730861,0.0019058579,0.099928424,0.66247678
20161207-110822-0.jpg,0,0,0.55220163,0.075463794,0.0040407237,0.0098137623,0.0022684094,0.020066094,0.048942581,0.20059545,0.086607553
20171102-103932-1.jpg,2,2,1.0056996e-05,1.0423639e-05,0.99962449,4.7064794e-05,6.2801344e-05,2.0393978e-05,2.0082376e-05,3.7577061e-06,0.00020083917
20170130-102100-0.jpg,1,1,0.019694434,0.88887334,1.5742939e-06,0.00016573272,1.595419e-06,0.0003495563,0.001334318,0.053388566,0.036190856
20170210-131340-0.jpg,7,7,0.0054073925,0.018551579,0.0010366646,0.00033176251,0.00038285545,0.22082663,0.00074513565,0.72053963,0.032178361
20171102-123220-3.jpg,2,2,8.5579319e-05,5.0755207e-05,0.99183393,7.7671582e-05,0.00025701712,6.6306326e-05,0.00052866933,4.9279661e-05,0.0070507978
20170217-112250-0.jpg,0,0,0.75538379,0.0010048852,8.8301633e-08,7.7880929e-07,1.3519654e-07,0.00019742653,1.6254558e-05,0.24229968,0.0010969067
20171113-140705-2.jpg,6,6,0.00018567586,0.0038541404,2.8195045e-05,2.6245107e-05,1.9150491e-05,7.5487966e-05,0.98355031,0.00040267853,0.01185822
20170727-120851-3.jpg,4,4,0.00017243448,4.5415247e-05,0.001122584,0.00057080813,0.86305064,3.9414877e-05,0.00013032681,0.00035910134,0.13450931
20170210-132343-0.jpg,0,8,0.16175012,0.15344343,0.0095866565,0.0058934041,0.010150917,0.0040643881,0.16462311,0.14944661,0.34104148
20180125-134135-2.jpg,8,8,0.00081698375,0.0004302189,0.00024657918,0.0011843812,0.0013840647,3.7552083e-05,0.00051227125,0.0014487426,0.99393928
20171220-091744-2.jpg,8,8,0.013043204,0.015128831,0.0008927125,0.017505797,0.001692711,0.11189319,0.001771535,0.0066159973,0.83145595
20171109-070713-3.jpg,5,8,0.0097111398,0.00015095974,1.2208577e-05,6.5185501e-05,4.9911609e-06,0.16645633,0.011026128,0.0075274175,0.80504572
20180105-101840-2.jpg,8,8,0.0035111653,0.0013095365,0.042208873,0.00072900002,0.0097363563,0.00089337514,0.052667093,0.0039196694,0.88502496
20170410-123909-0.jpg,0,7,0.19463417,0.19055614,0.0060721189,0.0031324145,0.0023245011,0.089856379,0.0034967731,0.39177114,0.11815637
20171203-165142-3.jpg,8,8,0.02281276,0.013768946,0.00021048018,0.014505424,0.0019610187,0.0053224359,0.002033466,0.0089642825,0.93042111
20180112-071514-2.jpg,8,8,0.00073472486,0.00035967442,0.010158377,0.0014075144,0.46976259,5.1335199e-05,0.0019311849,0.0010819605,0.51451266
20161207-144425-0.jpg,7,8,0.031354528,0.060975824,0.00047158258,0.083440363,0.019231359,0.090942539,0.0054154545,0.15068543,0.55748284
20171109-091003-3.jpg,5,5,5.1801155e-05,6.6641551e-05,3.0903956e-07,6.7497363e-05,1.5372842e-06,0.98171854,0.0004073439,3.3387401e-05,0.017653001
20180112-073533-1.jpg,8,8,0.0019032789,0.00031333635,2.2252814e-05,0.00024636518,0.0014262324,2.2473097e-05,0.00013858757,0.0068882811,0.98903906
20170727-162650-1.jpg,4,4,0.00067023223,4.5161767e-05,7.1689843e-05,0.0033208816,0.9859103,2.0254938e-05,2.9295134e-06,0.0016483837,0.0083101653
20180109-085554-1.jpg,8,8,0.0042448435,0.0031013449,5.3073923e-06,0.0046504675,0.00011248353,0.0017753863,0.0094281519,0.019404363,0.95727748
20171218-110814-2.jpg,8,8,0.021213945,0.12927292,6.9310896e-05,0.011039268,4.8257676e-05,0.0013967032,0.0016621581,0.13164672,0.70365071
20180322-114415-2.jpg,8,8,9.6880403e-06,2.2096852e-05,4.7226703e-07,0.00019371242,0.00029770247,2.2314229e-07,1.8239539e-06,3.8518341e-05,0.99943584
20170920-114717-3.jpg,2,4,0.0016776695,3.1715448e-05,0.46431798,0.0045683533,0.51443529,0.0004585459,0.00020444416,0.0014455437,0.012860388
20171219-112750-3.jpg,8,8,0.021328906,0.053211842,0.021115085,0.177279,0.071719974,0.0014315284,0.0024418905,0.20238768,0.44908404
20170727-152727-1.jpg,4,4,0.00037223959,7.3232954e-06,6.5734217e-05,0.0035908786,0.98505938,1.6424921e-05,1.4180138e-05,0.00049074658,0.010383048
20170405-155749-0.jpg,0,0,0.48525292,0.009254762,9.6509117e-05,0.00097999524,0.00034479037,0.012438216,0.00010363608,0.34270209,0.14882714
20170127-101726-0.jpg,1,1,0.0013069301,0.85227674,1.904226e-06,0.0041052205,1.6609041e-05,3.7983431e-05,0.0036273508,0.00030993295,0.13831726
20171113-121527-3.jpg,6,6,5.9489412e-05,0.0013188351,0.00049910351,4.7823611e-05,3.361687e-05,3.5204921e-05,0.98451644,0.00023086423,0.013258562
20170920-095635-2.jpg,2,2,1.2607438e-05,1.857666e-05,0.99821222,1.3219338e-05,0.00011393332,5.9053591e-06,0.00039188849,6.2300674e-06,0.0012255547
20171113-133758-3.jpg,6,6,0.0012917516,0.051609199,0.00074227387,0.00020733767,0.00053182867,0.00013125387,0.83557606,0.0073729232,0.10253739
20180322-112348-2.jpg,8,8,0.0049656434,0.00046359919,0.00012075395,7.225306e-05,0.0027002292,0.00021447845,2.0781692e-05,0.0012164557,0.99022585
20170727-114558-3.jpg,4,4,0.00036966449,1.037082e-05,0.0072074756,7.519019e-05,0.97765356,8.2244194e-05,3.0210251e-05,0.00022580271,0.01434547
20171218-105717-2.jpg,8,8,0.039315768,0.020128706,0.0010182216,0.0058489172,0.0035289719,0.0043072728,0.0018926056,0.024379298,0.89958024
20180109-075028-1.jpg,8,8,0.00015237652,0.00081319851,6.9224939e-06,0.00020872956,5.81274e-05,0.00022397471,0.01172302,5.1046412e-05,0.9867627
20170729-092158-1.jpg,4,4,0.0001957099,3.8037517e-05,0.00015415085,0.012134627,0.92733628,1.0711461e-05,2.8926186e-05,0.00072594214,0.059375599
20171219-113243-2.jpg,8,8,0.00057602138,0.0002194852,0.036984306,0.0013064586,0.053851504,0.0002774217,0.0022452297,0.00092114165,0.90361863
20170728-155251-1.jpg,4,4,0.0052791312,0.00069641217,0.0021321361,0.034963828,0.5579055,0.10946657,0.0016824486,0.0032419052,0.28463206
20170714-140532-1.jpg,1,1,1.3680601e-05,0.99993312,6.1212639e-09,3.0086619e-06,7.872762e-09,1.2507132e-07,1.6785747e-06,1.1062156e-05,3.7365266e-05
20171203-174313-3.jpg,8,8,0.010425916,0.019088741,0.00036110121,0.011344034,0.0075265951,0.00039504236,0.010927934,0.021887949,0.9180426
20180322-114410-1.jpg,8,8,0.0030058397,0.00044775091,9.2890172e-05,0.0008025252,0.00054520601,0.00087146356,6.8330075e-05,0.0010969406,0.99306917
20170714-112930-2.jpg,1,8,0.0056112092,0.191589,0.0002494652,0.022321338,0.00067330297,0.0025818567,0.0104644,0.0033492707,0.76316011
20180125-091826-1.jpg,8,8,4.373191e-05,2.3522659e-06,1.0102629e-05,2.1206928e-05,0.00064594269,1.1103263e-05,0.00010960754,1.6562946e-05,0.99913943
20171220-090301-2.jpg,8,8,0.0070976755,0.011073353,0.00014169881,0.0086563053,0.0029219294,0.0003220893,0.00098826899,0.022757724,0.94604099
20171212-094411-3.jpg,8,8,0.00030878244,7.1402443e-05,1.3458878e-06,0.0001876928,2.390583e-05,3.4599329e-05,6.2608192e-06,0.00016525916,0.99920088
20171220-091648-3.jpg,8,8,0.0065802084,0.0012993002,0.00022729544,0.0065915203,0.0043074931,0.0041691381,4.2672618e-05,0.0053009777,0.97148144
20170714-150446-1.jpg,1,1,0.0072377087,0.79510325,3.1576506e-05,0.0018717297,5.2457071e-05,0.00083499559,0.0024550802,0.0046890876,0.18772434
20170913-123856-1.jpg,5,5,0.002538316,0.0029138054,0.00070271106,0.021204522,0.00060540519,0.94225651,0.0019708339,0.0027278813,0.025080021
20180105-093944-3.jpg,8,8,4.7488924e-05,4.914061e-05,0.00023235469,4.6797333e-05,0.00067290512,1.0966541e-05,0.0063046007,7.6920071e-05,0.99255884
20170715-103801-1.jpg,1,1,0.00079680601,0.99735117,1.0180967e-05,1.2705122e-05,3.6146109e-06,3.7387115e-05,0.00078942464,0.00026607545,0.00073264074
20180112-083355-1.jpg,8,8,0.022814056,0.0011654501,8.7740489e-05,0.001231118,0.00085714197,0.0001001512,2.8242452e-05,0.091178492,0.8825376
20170714-143048-1.jpg,1,1,0.00023102955,0.99846762,5.6079308e-08,7.6185897e-05,4.4819635e-07,1.0941142e-05,2.1502042e-06,0.00062643801,0.00058516569
20180125-091323-2.jpg,8,8,1.0203799e-05,1.8575297e-07,2.3193517e-05,8.1722228e-06,0.00011213102,6.4292353e-06,0.00011576394,6.1863916e-06,0.99971753
20180112-104321-2.jpg,8,8,0.01133923,0.0017088657,0.003388558,0.013883915,0.0074998029,0.00033696287,0.00090282731,0.010065098,0.95087457
20180112-093400-2.jpg,8,8,0.00013417298,9.1062893e-06,1.4005019e-05,6.7608111e-05,8.8358374e-06,0.00072625006,0.00016794559,4.5301331e-05,0.99882692
20171113-123522-1.jpg,6,6,9.6778487e-05,0.00071686879,8.7185736e-06,2.5666401e-05,1.4279538e-05,5.9752598e-05,0.97088921,0.00067022024,0.027518522
20180322-120115-2.jpg,8,8,0.0002622577,0.00010081183,5.4771281e-06,0.0033762231,0.00057136291,3.1345867e-06,6.5254176e-06,7.5857577e-05,0.99559844
20170207-141604-0.jpg,7,7,0.13210459,0.0027701247,1.8967899e-05,5.7279763e-06,6.9776743e-06,0.017854011,0.00010841614,0.84025556,0.0068757059
20171219-114203-2.jpg,8,8,0.0011666371,0.00025280658,0.37480491,0.0024165758,0.025776867,0.00018825784,0.0088266032,0.0020671289,0.58450025
20171025-095126-3.jpg,3,3,0.0081424247,0.00076140848,0.000445849,0.96890813,0.0077346573,4.6089363e-06,3.3648223e-06,0.0043134652,0.0096861478
20170811-131023-1.jpg,0,7,0.304465,0.008641202,0.00042710098,0.0026794572,0.0044599692,0.072123386,0.00026515132,0.3120335,0.29490533
20171220-084149-3.jpg,8,8,0.024069257,0.0016224629,2.6832032e-07,0.00076104543,8.4583944e-06,0.00037905527,1.1910311e-05,0.01887366,0.95427406
20170913-124037-2.jpg,5,5,0.0036095642,0.00052716007,6.6984705e-07,0.00037131217,3.1743932e-06,0.99157155,7.1785747e-05,0.0006264812,0.0032183633
20180105-100554-2.jpg,8,8,4.3943612e-05,6.4729547e-06,0.00023606772,7.5002417e-06,0.00017980215,2.7985185e-05,0.0012171761,5.8779524e-06,0.99827528
20180112-080357-2.jpg,8,8,0.017733417,0.0066252733,0.00083805784,0.11369928,0.10328232,4.7248661e-05,0.00079357938,0.053837758,0.70314288
20171102-095026-1.jpg,4,4,0.026085733,0.014854689,0.00057828071,0.091009051,0.65137851,9.2186165e-05,8.9976587e-05,0.053464055,0.16244756
20170906-105529-1.jpg,3,3,0.032333575,0.010660363,0.012859856,0.52523768,0.29707971,0.0014142343,0.0028403085,0.030633146,0.086941168
20170217-150828-0.jpg,0,0,0.98155457,0.00012643907,5.8421856e-06,2.7373693e-05,3.7942613e-05,0.00014774305,3.0874173e-05,0.0020960877,0.015972929
20170920-094900-2.jpg,2,2,0.0026242563,0.0038900122,0.5224669,0.00086735719,0.0063939239,0.00033480843,0.03410193,0.00086951844,0.42845133
20170811-103725-2.jpg,0,8,0.081546478,0.00040989488,9.0160967e-05,0.0018069799,0.00053238904,0.0014069936,0.00023464233,0.00419357,0.90977895
20170913-124114-1.jpg,5,5,0.0021300928,0.0033547995,1.9936919e-05,0.0023143755,0.00040626866,0.95056599,0.00023174621,0.0077950261,0.033181783
20180322-112922-1.jpg,8,8,0.022566484,0.0080329236,0.0079808198,0.0061254124,0.0078923963,0.0023005297,0.00096072123,0.014822431,0.92931819
20170715-125306-1.jpg,1,1,0.0034555576,0.99382448,8.7744138e-06,1.492931e-05,1.7955513e-06,3.4538458e-05,0.00041201952,0.00035435139,0.0018935201
20180125-134135-3.jpg,8,8,0.013881149,0.03678846,0.0066449228,0.0032385415,0.035662387,0.0012611952,0.089461096,0.052105751,0.76095653
20180112-080137-2.jpg,8,8,0.0033860104,0.00079310552,2.5505864e-05,0.006382267,0.01032253,1.2506404e-05,0.00042939142,0.0088533703,0.96979517
20170714-111703-2.jpg,1,8,0.0087892413,0.057952121,0.0034891404,0.037845381,0.0083348695,0.0052993549,0.017217662,0.043339197,0.81773311
20171102-093500-3.jpg,4,4,0.0066685895,0.0045603034,0.00056527933,0.14450935,0.78781909,1.2908271e-05,4.6815509e-05,0.02391696,0.031900816
20170128-102740-0.jpg,8,8,0.0063619874,0.038459856,0.00017786263,0.040112324,0.011295798,0.00025851876,0.0033198646,0.013909414,0.88610435
20180322-124735-1.jpg,8,8,1.7265063e-05,1.7774732e-05,5.2046806e-07,1.3675529e-05,2.3923512e-05,1.7537084e-05,4.7511362e-06,8.4346548e-06,0.99989605
20170714-122419-3.jpg,1,1,0.0008758427,0.9945088,9.7049576e-07,2.2216704e-05,1.1483166e-06,4.589212e-06,0.00068726676,0.0026192057,0.0012798987
20170718-132737-2.jpg,7,7,0.010459635,0.27571496,1.908281e-05,7.9924532e-05,7.0950719e-06,0.00047496232,8.1518621e-05,0.71101207,0.0021507305
20170913-103812-3.jpg,5,5,0.0024583058,0.00078782911,8.1825958e-05,0.096025735,0.0014809408,0.87452632,0.00040545961,0.00029819494,0.023935469
20170128-104011-0.jpg,8,8,0.0038152428,0.0041512982,0.00010319847,0.059484616,0.1253532,1.6078135e-05,0.00042791941,0.014179361,0.79246908
20170906-103531-1.jpg,3,4,0.0018221614,0.0010485634,0.00041234057,0.011098669,0.7244212,1.5619622e-05,0.00074030465,0.012237578,0.24820349
20180109-070648-1.jpg,8,8,3.2460972e-05,0.00013910263,2.7351776e-05,4.0170016e-05,1.6685337e-05,0.00050788204,0.03352097,4.1516236e-05,0.96567374
20170714-111950-2.jpg,1,1,0.00010410089,0.99804473,1.7649172e-07,3.0341549e-05,2.9527334e-07,9.2497939e-06,8.6880893e-05,0.00027513015,0.0014492396
20171219-111743-3.jpg,8,3,0.012894367,0.00086233229,0.013634104,0.79667079,0.080530062,5.4510383e-05,0.00087056612,0.015584228,0.078899033
20171218-105318-3.jpg,8,8,0.0010849437,0.014725229,3.060605e-05,0.0011560334,0.00077487977,0.00063098624,0.0024359315,0.00084413344,0.97831738
20171220-090156-3.jpg,8,8,0.0034658785,0.0005943834,1.368923e-05,0.011790962,0.000331232,0.010593195,4.9908078e-05,0.0011457819,0.9720149
20171219-092644-3.jpg,8,8,0.12045485,0.013660685,0.017941529,0.032140091,0.069223419,0.036217887,0.011079151,0.17663984,0.52264243
20170727-144106-1.jpg,4,4,0.001152519,0.0002227841,0.0063060997,0.00056709233,0.91511285,0.00033136187,0.00052416744,0.0026120937,0.073170967
20171219-112439-2.jpg,8,8,0.0015160603,0.0006851498,0.0012152605,0.019721515,0.010079544,0.0079196701,0.007661867,0.0017650002,0.94943601
20171109-073228-3.jpg,5,8,0.010908922,0.0039508007,9.9452169e-05,0.0063523287,0.00085229857,0.094707482,0.0064782407,0.0019727892,0.87467772
20171212-103609-3.jpg,8,8,0.0023176195,0.015977666,2.0892012e-05,0.0029805319,0.00012736251,0.004519436,0.14583595,0.0032294521,0.82499123
20171109-090601-2.jpg,5,5,9.2421746e-05,0.00027859118,1.2294779e-06,0.00034445574,5.1576735e-06,0.82572389,0.097902954,0.00020766653,0.075443611
20170913-104934-3.jpg,5,5,0.03032464,0.012360051,2.6914351e-05,0.00047255194,0.00011296685,0.86430287,0.00018610954,0.0079393638,0.084274545
20171218-121303-2.jpg,8,8,0.00032444068,0.00020252759,5.2729388e-07,7.1116592e-05,1.1044041e-05,0.00054058863,0.00033476576,8.9642694e-05,0.99842525
20170714-110717-1.jpg,1,1,0.016544586,0.55117524,0.00019721925,0.0010134401,0.0010526539,9.9957433e-05,0.051044561,0.055442363,0.32342991
20180322-113211-1.jpg,8,8,0.0050631706,0.00069640274,8.473637e-05,0.0087863468,0.0051339557,0.00011631102,2.5097352e-05,0.0016940391,0.97839987
20170714-115955-3.jpg,1,1,6.2627361e-05,0.99985051,3.4916447e-08,3.3180811e-06,3.9666467e-08,6.2625773e-08,1.4081451e-05,2.5349826e-05,4.3963701e-05
20170207-154653-0.jpg,0,8,0.12244948,0.050329722,0.00014314329,0.11527575,0.014012936,0.0008088036,0.00013888656,0.25441241,0.44242898
20170128-103255-0.jpg,8,8,0.012974377,0.30970937,0.0014439829,0.023088666,0.0093125161,0.00078998349,0.00087314623,0.092320517,0.54948747
20180119-111439-1.jpg,8,7,0.026837386,0.11927318,7.5211196e-05,0.0034106262,0.0010254463,0.00014361311,0.041886095,0.56141913,0.24592926
20180109-080651-1.jpg,8,8,4.9807873e-05,4.670096e-05,3.1284966e-05,7.2696544e-06,0.00010829002,5.5045708e-05,0.0029824749,2.4318882e-05,0.99669492
20180109-095539-2.jpg,8,8,0.0030208307,0.00072162307,9.7123193e-05,0.068816207,0.0018146951,0.016832992,0.0011917722,0.002558813,0.90494603
20180322-115414-2.jpg,8,8,0.00010086032,6.7302985e-06,0.00014128437,6.1342667e-05,0.0041163922,8.7171738e-06,0.00025347385,0.00014162013,0.99516958
20171219-092910-2.jpg,8,8,2.5180858e-05,2.8961769e-05,6.9615247e-08,0.00010807066,5.2953264e-06,2.8117893e-05,2.2163708e-06,3.1352549e-05,0.9997707
20180109-091434-2.jpg,8,8,7.633007e-06,4.9207724e-06,8.7433392e-07,1.9919913e-05,2.8088457e-06,7.49963e-05,0.0011687876,1.5510685e-05,0.99870467
20170217-115221-0.jpg,0,0,0.82331467,0.026991462,3.904107e-06,0.00013865432,2.7671291e-05,0.00029420928,0.0023768649,0.12860978,0.018242791
20180109-100223-2.jpg,8,8,0.025055023,0.10327626,0.00014367195,0.072471358,0.013452243,0.00075086922,0.00057963387,0.016241971,0.76802897
20180125-132850-2.jpg,8,8,0.0003167837,0.0010150342,7.3275485e-05,0.008387275,0.0020311032,0.00017048277,0.0059316624,0.00093662576,0.98113787
20171218-110656-3.jpg,8,8,0.0053364676,0.024367873,7.8034784e-05,0.0087995054,0.00035362935,0.0010682832,0.0002707387,0.0039258082,0.95579964
20170728-122701-3.jpg,4,4,0.0010914577,5.552905e-05,0.0016717116,0.0096937576,0.97739112,0.00088974216,3.9856866e-05,0.00026952114,0.0088973083
20170727-112901-1.jpg,4,4,0.0027019402,0.00017351392,0.079075515,0.0054220464,0.72867393,0.0064693531,0.0016446959,0.0048193829,0.17101964
20171109-071508-1.jpg,5,8,0.041506041,0.0083651431,2.5154779e-05,0.00086264062,3.1730942e-05,0.035539679,0.00083257823,0.004568581,0.90826851
20170727-165337-1.jpg,4,4,0.000595094,8.0061309e-06,0.0024241367,0.00065706857,0.94449478,0.00011175088,4.485992e-05,0.00024930964,0.051415041
20170714-150115-1.jpg,1,1,0.0018984863,0.9932366,7.2605496e-07,0.00089852267,3.1595515e-05,3.3968311e-06,1.3319263e-05,0.0030366092,0.00088074629
20180119-104750-1.jpg,8,8,0.0013844793,0.01656577,0.0021287515,0.0016609626,0.0012194176,0.00018461862,0.10949384,0.017312933,0.85004914
20170714-113627-3.jpg,1,1,0.00033530709,0.98929238,1.6898521e-07,1.4647496e-05,8.1718599e-07,2.3699115e-06,0.00075437041,0.0093500987,0.00024989134
20180125-095950-2.jpg,8,8,0.00070341828,0.00019218669,1.0648672e-05,0.06382484,0.00037429336,0.0083873328,0.0012960366,0.000139215,0.92507184
20180322-104212-1.jpg,8,8,0.0041801985,0.0018064046,4.912417e-05,0.00053502095,0.0092831571,0.00029714461,1.6184376e-05,0.0021560288,0.9816767
20170217-103906-0.jpg,0,0,0.9912163,0.00016511946,5.6257259e-06,1.3101553e-05,6.0739271e-06,0.00033320868,0.00020105013,0.0020846389,0.0059750061
20180109-080550-2.jpg,8,6,0.0001554051,3.9768249e-05,0.00011546943,2.6106856e-05,5.6440793e-05,0.0030297167,0.63491935,0.00017021991,0.36148754
20171102-094216-1.jpg,4,3,0.0068012001,0.00051626965,0.0020577125,0.92893684,0.032036945,1.5318345e-05,0.00011653843,0.0053391429,0.024180183
20170210-131452-0.jpg,7,7,0.0048377775,7.2331262e-05,6.1706369e-06,2.7113931e-05,4.825306e-06,0.0047993516,2.6641534e-05,0.94895041,0.0412753
20171109-194331-1.jpg,5,5,6.2946656e-06,6.5023283e-07,8.1898342e-08,5.7974495e-07,6.6245676e-08,0.99990094,6.9084276e-06,8.1729122e-06,7.6228571e-05
20171219-112524-2.jpg,8,8,0.00042306932,0.00060690776,0.00079779641,0.010669583,0.0026603767,0.0010059713,0.0071199206,0.00088473235,0.97583163
20171212-104428-3.jpg,8,8,0.0010930988,0.0032113392,0.00010289656,0.0019733957,0.00044842888,0.00036149382,0.0028989036,0.0054505109,0.98446
20180109-100020-2.jpg,8,8,0.0049195704,0.0038149653,0.019871891,0.066471852,0.026703538,0.010400548,0.059315093,0.015601967,0.79290056
20171122-101630-1.jpg,5,5,6.2981315e-05,2.1901092e-06,1.5475327e-07,1.9966535e-06,3.4931935e-07,0.99888653,4.8377537e-05,1.108172e-05,0.00098641193
20171113-131658-0.jpg,6,6,6.9520283e-05,0.0014868274,9.7605971e-07,8.7525932e-06,2.7119365e-06,5.6886415e-06,0.99770111,0.00018849246,0.00053585059
20180112-094623-2.jpg,8,8,0.0058853719,0.0011354764,0.00059222843,0.003907036,0.00087407895,0.00018749649,0.0059310817,0.019311778,0.96217543
20170217-100534-0.jpg,7,7,0.1433593,0.0018790958,1.3068835e-05,6.5597298e-05,2.1368711e-05,0.0025199081,0.002762038,0.69807464,0.15130499
20170811-134054-1.jpg,0,8,0.057276126,0.00055530667,4.9769864e-05,0.0018931234,0.00050234591,0.00062627456,4.0461728e-05,0.0077891974,0.9312675
20180112-081632-2.jpg,8,8,0.037268542,0.0026764874,0.0040824367,0.041370481,0.029059639,0.00016471262,0.00017894329,0.064489849,0.82070887
20170728-122620-3.jpg,4,4,0.00034124736,2.5713493e-05,2.5413097e-05,0.00027881603,0.98705834,9.9144836e-06,1.698956e-06,0.0018151447,0.010443793
20171108-125635-3.jpg,5,5,0.00021021441,1.5879184e-06,2.1978457e-07,4.0341019e-06,5.5220227e-07,0.99917245,5.5857083e-05,5.0325314e-05,0.00050475163
20171218-115150-2.jpg,8,8,0.0090430137,0.070406213,9.4708608e-05,0.027382897,0.0013760002,0.00055045338,0.0019011417,0.0061406782,0.8831048
20171219-093048-2.jpg,8,8,0.0078028538,0.0034742511,0.00058662269,0.26560032,0.0013388352,0.10135363,0.0013630792,0.0026713538,0.61580902
20170920-112835-3.jpg,2,2,0.010444488,0.0030426953,0.31479526,0.039842285,0.25847864,0.0068866308,0.071704902,0.043082468,0.2517226
20171219-094029-2.jpg,8,8,0.025094742,0.076965697,0.0047299652,0.078876369,0.025261533,0.0072623617,0.0019826293,0.0050798012,0.77474684
20170129-102525-0.jpg,8,8,0.047366317,0.13055731,0.017238416,0.014873724,0.0095335059,0.057218086,0.017643452,0.045887429,0.65968186
20180109-072410-2.jpg,8,8,5.8573489e-05,0.00024206459,6.7812114e-05,0.00012931169,0.00028027975,3.8336209e-05,0.0034742407,9.9353252e-05,0.99560982
20171217-184414-2.jpg,8,8,0.00067420758,0.0018997939,6.8483396e-06,0.00036029035,6.9129375e-05,0.0021615813,0.00032456592,0.00020736984,0.99429613
20170704-155037-0.jpg,7,8,0.084158294,0.026634308,0.00013964235,0.0030794593,0.00025535517,0.0013547289,0.0011055709,0.062470242,0.82080239
20180105-101641-2.jpg,8,8,0.0010963748,0.00041288754,0.074140452,0.00036903642,0.014707632,0.0011045309,0.03288281,0.00053909473,0.87474722
20180112-094134-2.jpg,8,8,0.059977069,0.0047839768,0.00030686273,0.072384059,0.0012617834,0.00038055604,3.2957392e-05,0.015232473,0.84564024
20180125-131335-2.jpg,8,8,0.01368896,0.040672019,0.00021165813,0.13193519,0.0045069046,0.00070506166,0.0034556065,0.028834496,0.77599001
20171113-124439-1.jpg,6,6,9.6799515e-05,0.0062698456,0.00010368744,2.3206927e-05,1.9392535e-05,0.00019851839,0.97706407,0.00067827565,0.01554619
20171025-091157-3.jpg,3,3,0.030568507,0.0074574254,0.00015192796,0.87995189,0.013812508,0.00018179495,7.3059462e-05,0.018092796,0.049710143
20180109-094522-2.jpg,8,0,0.97177976,9.2024675e-05,0.0001576542,0.00021908729,0.00020879535,0.0047974475,9.948323e-05,0.0030381831,0.01960757
20171205-143059-2.jpg,8,8,0.0048283553,0.03051552,0.0011265806,0.17210633,0.0050742854,0.022083052,0.03229291,0.013365418,0.7186076
20170729-093233-1.jpg,4,4,0.0017680754,9.5177835e-05,0.00075022911,0.0025231815,0.90927583,6.4144762e-05,0.00033186132,0.012089911,0.073101431
20180125-133156-2.jpg,8,8,0.0013709764,0.0020974178,0.00031972304,0.00035322778,0.0051740925,0.00011998673,0.0018834278,0.0038823185,0.98479897
20180109-073112-1.jpg,8,8,4.3046944e-05,6.9050948e-05,4.4538359e-05,2.1783613e-05,6.6201028e-05,0.00010137033,0.017721806,1.6588165e-05,0.98191559
20170126-100535-0.jpg,1,1,0.0036709851,0.98741341,5.0877265e-06,2.5367917e-05,8.7995306e-07,3.5748031e-05,0.0027187229,0.001573705,0.0045561637
20170920-183833-1.jpg,2,2,0.00098741997,0.00013562362,0.84871346,0.0019182515,0.056938425,0.00063449197,0.0042438852,0.0021701786,0.084258363
20170217-115351-0.jpg,7,8,0.017099522,0.022371223,7.1811912e-05,0.020194408,0.00037598109,0.019516418,0.010330162,0.2481619,0.66187859
20170811-122609-2.jpg,0,0,0.92103821,0.035534296,2.9852208e-05,1.8656607e-05,2.0565863e-05,0.0015738797,0.00077462243,0.020032272,0.020977706
20180125-134156-3.jpg,8,8,0.0033877729,0.0086488975,0.0016230547,0.0040790793,0.019682132,0.00020824888,0.006100574,0.0042283605,0.95204192
20171205-144824-2.jpg,8,8,0.0010412665,0.014542155,8.8113426e-05,0.00506882,0.0006215428,0.0011737404,0.00048569174,0.0011785332,0.97580034
20170811-162442-1.jpg,0,0,0.99339628,0.0002337336,5.0566105e-06,1.2473045e-06,1.8121273e-05,0.00019802539,5.4161942e-06,0.0035817046,0.0025602926
20171102-115408-3.jpg,2,2,5.8514532e-05,5.3368509e-05,0.99447304,0.00078858691,0.00028542237,0.002578506,9.8198376e-05,1.0624364e-05,0.0016536554
20171102-100951-2.jpg,4,8,0.013576459,0.0021707967,0.19134001,0.25316989,0.17766936,5.8785379e-05,0.0015938788,0.040397864,0.32002297
20180105-093606-3.jpg,8,8,5.3520791e-05,0.00059737515,0.00011789053,3.6017656e-05,0.0011001593,1.0008125e-05,0.0085496474,3.2081545e-05,0.98950338
20180109-073051-1.jpg,8,8,3.3293891e-05,0.0001618736,4.5399524e-06,8.6144821e-05,7.6810546e-05,0.00099732238,0.0050032442,1.3515935e-05,0.99362332
20171220-082809-3.jpg,8,8,0.064999633,0.00015680377,5.1068723e-06,0.00034399211,0.00029999949,0.0046773329,0.00010881801,0.035927091,0.89348108
20180112-091218-2.jpg,8,8,0.045485437,0.00025495095,0.0002399464,0.00078273437,0.0053590415,0.00019766988,1.0155664e-05,0.046656687,0.90101331
20180125-132122-2.jpg,8,8,0.015534717,0.0021755756,0.002382186,0.0021787053,0.0098783653,0.0040672226,0.0026183238,0.0061740112,0.95499104
20170920-101720-1.jpg,2,2,3.2211639e-05,2.7411939e-05,0.99900097,9.1932874e-05,0.00043863346,0.00015297203,6.0323782e-05,3.7739774e-06,0.00019163874
20180109-074010-1.jpg,8,8,3.2785178e-05,3.6140547e-05,0.00045220923,1.784835e-05,0.00026077166,3.821027e-05,0.0019578028,1.4593246e-05,0.99718958
20180322-130428-1.jpg,8,8,0.00066498033,0.0050702011,6.1815896e-05,0.013344755,0.0065370658,0.00024986541,0.00030859731,0.0020092276,0.97175342
20170217-095958-0.jpg,7,5,0.0070963078,0.016471142,0.00017223212,0.00078848162,3.5138146e-05,0.63458872,0.00023074298,0.22394694,0.11667036
20180105-095241-2.jpg,8,8,0.00010425172,0.00062683696,0.00021514062,0.00017854197,9.8599681e-05,0.00031413484,0.065611556,0.00016426801,0.93268663
20171220-094523-2.jpg,8,8,0.060761079,0.20651093,0.00077705691,0.010486257,0.0010871425,0.0068689999,0.0050617587,0.071502142,0.63694453
20170129-102426-0.jpg,8,8,0.01828739,0.14850423,0.000193146,0.011397735,0.00045475125,0.13910802,0.0010094775,0.0075160116,0.67352927
20171025-080211-2.jpg,3,4,0.11752871,0.0010118505,0.0072249798,0.29303017,0.46419987,5.9447982e-05,8.9181332e-05,0.028303672,0.08855214
20171122-100346-1.jpg,5,5,2.5589943e-06,6.575915e-07,3.2939722e-09,5.71187e-07,9.714614e-09,0.99974841,2.0537657e-06,3.4939279e-07,0.00024546089
20180109-104108-2.jpg,8,8,0.034908451,0.00094432954,0.0030354557,0.13821024,0.010839076,0.00018567874,0.0011684034,0.0095615657,0.80114681
20171113-113542-0.jpg,6,6,0.00020792407,0.011176281,9.743073e-06,4.6047713e-05,1.6132235e-05,1.1645961e-05,0.98617446,0.0011597174,0.0011980311
20171109-093449-2.jpg,5,5,0.00040677475,0.00095581461,2.0475288e-06,5.1395135e-05,4.970485e-06,0.96983331,0.0095316023,0.00025646744,0.018957635
20170714-143217-1.jpg,1,1,0.0033031059,0.92809451,4.3922847e-07,0.0011447258,6.4420492e-06,5.341912e-05,0.00025085951,0.057202715,0.0099439044
20180109-091402-2.jpg,8,8,7.2165926e-07,1.626123e-06,1.758071e-07,1.4767541e-07,3.3781905e-07,5.9130216e-06,0.00020085742,5.8467725e-07,0.99978966
20170304-131546-0.jpg,7,7,0.0034044443,0.001361042,2.0394195e-06,2.9783625e-05,3.7703333e-06,0.0052692564,3.0678445e-06,0.98831463,0.0016120196
20171220-092331-3.jpg,8,8,0.026716802,0.0098511679,0.00045679757,0.045664165,0.0079019163,0.077607222,0.00058590568,0.043478824,0.78773731
20171113-102023-1.jpg,5,5,0.00027979628,0.00016546439,3.8452534e-05,6.1713181e-05,4.8805505e-05,0.97346312,0.0052623232,0.00023973043,0.020440534
20171203-165621-3.jpg,8,8,0.011528806,0.33403251,9.3046212e-05,0.010401824,0.00040013908,0.018132044,0.0014043913,0.080506362,0.5435009
20180109-103801-2.jpg,8,8,6.8531786e-05,0.00055615616,0.00040003145,0.00045922195,3.1216219e-05,1.5087996e-05,0.0012977667,0.00019225421,0.99697959
20170627-105220-0.jpg,7,8,0.057421111,0.05303948,4.6324309e-05,0.0017074347,7.5829375e-05,0.042011205,0.011827061,0.15543781,0.67843366
20171113-120638-3.jpg,6,6,4.8335973e-05,0.0025263964,4.4353737e-06,7.4036914e-05,2.3853789e-05,0.00098963326,0.90113974,0.00010370946,0.095089912
20180112-091313-2.jpg,8,8,0.024368335,0.00028115875,0.00040291346,0.00037291806,0.0026186155,0.00046630256,1.7727398e-05,0.014423066,0.95704907
20171113-140203-1.jpg,6,6,5.6161171e-06,0.0002003258,4.8259601e-05,1.2135939e-05,1.4353777e-05,8.2957304e-06,0.99493116,8.1228689e-05,0.0046986192
20180105-101625-2.jpg,8,8,0.00013338993,7.6251286e-05,0.008516917,0.00018122161,0.002749444,0.00030942945,0.012227842,6.0273727e-05,0.97574526
20180125-135038-2.jpg,8,8,0.0010965216,0.00093517784,0.00024220112,0.0018862939,0.006565623,0.00013454976,9.4876719e-05,0.00073039386,0.98831439
20170728-154236-1.jpg,4,4,0.0038501171,0.00014069396,0.0013090509,0.00094007532,0.70212436,0.00045276602,3.7383255e-05,0.003628199,0.28751737
20180109-085352-2.jpg,8,8,0.0026358948,0.057312749,0.0024998479,0.00087885285,0.00065243908,0.066278972,0.0060184281,0.0040101474,0.8597126
20170501-145713-0.jpg,8,8,0.16483445,0.01496894,0.00023665569,0.02862257,0.015053163,0.0003083318,9.834845e-05,0.27575299,0.50012463
20170728-150742-3.jpg,8,4,0.0021680035,0.00012935465,0.0076365042,0.0034438709,0.68328941,0.00064443919,0.00023439928,0.0062958286,0.29615811
20180112-093427-1.jpg,8,8,0.0016134722,0.0015462406,0.00062812259,0.00023044641,0.0026488742,0.00028318021,0.012881628,0.0023116323,0.97785646
20180105-102301-1.jpg,8,8,0.00043596246,0.000319243,7.1991621e-05,0.00039475667,0.0050950535,0.00020453405,0.010770549,0.00070890674,0.98199904
20180119-110050-1.jpg,8,8,0.0032201312,0.0021107697,0.00059846585,0.001751458,0.0026616128,0.00047896354,0.00079070678,0.0035905144,0.98479742
20171212-094119-1.jpg,8,8,0.0076816455,0.00073049811,0.0063215154,0.06044206,0.067752413,0.001348134,0.0058725704,0.019429604,0.83042157
20170727-171618-3.jpg,4,8,0.0014059014,0.00010579524,0.0012513591,0.010647772,0.46519646,0.00043559479,0.0010491244,0.0015615488,0.51834661
20170920-094806-2.jpg,4,8,0.0011772518,0.0018228886,0.00024327559,0.0029457086,0.013023847,0.00014346895,0.00035651284,0.0054693986,0.97481751
20170811-104139-1.jpg,0,0,0.99125481,0.00023452024,3.7584282e-06,2.7630022e-06,3.3949354e-06,0.00034809308,2.5257232e-06,0.0064096171,0.0017404638
20170906-133045-1.jpg,3,3,0.0027308334,6.0834049e-05,0.00032348369,0.94516367,0.047231723,3.2528549e-06,2.236804e-06,0.0013160427,0.0031679068
20180125-131617-3.jpg,8,8,0.066986576,0.18602736,0.0013790013,0.011371918,0.029282169,0.0012840652,0.0047049825,0.069487423,0.62947649
20180112-075335-2.jpg,8,8,0.047885317,0.0019081339,0.0027645004,0.1925894,0.16372988,0.00012956734,0.00057856622,0.063580602,0.52683407
20170705-164732-0.jpg,7,7,0.11835261,0.024398135,0.00055172929,0.013209825,0.17553681,0.0030804728,5.7802532e-05,0.49395701,0.17085564
20171219-112824-3.jpg,8,6,0.02311494,0.049671039,0.068294898,0.021161767,0.030296806,0.002030964,0.56234968,0.138814,0.10426594
20180112-071319-2.jpg,8,8,0.0090447655,0.00055546954,0.00094210962,0.0032470608,0.15566771,0.00011676845,0.0013846068,0.013657124,0.81538439
20171025-075917-3.jpg,3,3,0.00059662323,0.036903288,9.8268606e-07,0.76587969,7.3183823e-05,8.6328961e-05,3.8822403e-05,0.00026891942,0.1961522
20170920-115330-2.jpg,2,2,0.001489045,0.00044016546,0.60792243,0.040286023,0.29189697,0.00027938333,0.0015786642,0.0038555283,0.052251723
20171109-085941-1.jpg,5,6,0.00025623196,0.0003478814,1.1977061e-06,7.0978123e-05,2.134404e-05,0.010025789,0.86589748,0.00018672177,0.12319229
20180109-094939-2.jpg,8,8,0.0003239988,1.0333825e-05,8.4018655e-05,9.5371091e-05,0.00024417444,4.83946e-06,0.00011532641,4.1682666e-05,0.9990803
20171218-103241-3.jpg,8,8,0.0014822358,0.00015094744,0.0010852618,0.0049247425,0.026115175,8.6517641e-05,0.00022775544,0.0071713403,0.95875603
20171219-105739-3.jpg,8,8,0.014120989,0.090943925,2.8882308e-05,0.0013759847,0.00048142238,0.0011074409,0.0078015942,0.040208906,0.8439309
20180112-083600-1.jpg,8,8,0.012905237,0.0096143968,0.00018858879,0.0042016651,0.0020206582,0.0030659349,0.0015351583,0.04483375,0.92163455
20170210-131933-0.jpg,0,0,0.37728307,0.36740404,0.00060900528,0.0016703646,0.00021883905,0.0045844046,0.0057737655,0.0264767,0.21597984
20171121-075143-1.jpg,6,6,0.00019410289,0.0024561498,4.8566551e-07,7.5660832e-06,1.0375428e-06,0.00019896454,0.98838997,0.0082663158,0.00048548076
20180105-092305-2.jpg,8,8,8.2395509e-06,1.4547756e-05,1.7524964e-05,1.1690777e-05,3.2879812e-05,5.7607438e-05,0.007765207,7.6943061e-06,0.99208462
20171113-140720-2.jpg,6,6,0.00018116704,0.00076969556,1.0001469e-05,1.4330241e-05,2.177946e-05,5.3784166e-05,0.99702197,0.00063008431,0.0012972632
20180109-101225-1.jpg,8,8,0.00045093123,0.00014080961,0.00010057472,0.00022447559,0.0013993685,3.7032343e-05,0.00109899,0.00038445881,0.99616337
20171201-115953-1.jpg,8,8,0.00098740344,0.0074616405,5.3842192e-05,0.0074209315,0.00034861983,0.072512768,0.038829826,0.0063087693,0.86607623
20171220-082605-2.jpg,8,8,0.0015740107,0.023742512,3.2920827e-06,0.0032215053,2.7611393e-05,0.017260967,0.020118902,0.0014872476,0.9325639
20171122-104241-1.jpg,5,5,1.6522092e-05,3.4314457e-05,1.5912469e-06,1.1893109e-05,8.842681e-07,0.99749076,0.0017263331,5.6802764e-06,0.00071194023
20171109-095504-2.jpg,5,5,0.0035434752,0.0027208233,1.906242e-05,0.00035153044,2.50577e-05,0.57922906,0.0017115936,0.001525523,0.41087389
20170906-110845-1.jpg,3,3,0.0005759148,0.0013952586,1.4637852e-05,0.93748087,0.04570397,0.00013435427,6.7326029e-05,0.0013786384,0.013249098
20180125-131531-3.jpg,8,8,0.00067272858,0.00013530464,4.3476248e-05,0.00037211491,0.0009029574,4.3407559e-05,0.00056183687,0.0035122591,0.99375594
20180109-090405-2.jpg,8,7,0.23235364,0.04897064,0.00070626917,0.026251009,0.0066042212,0.0019714804,0.00017214468,0.46224561,0.22072507
20170727-155543-1.jpg,4,4,0.0054781237,0.00016393288,0.15446664,0.018391296,0.76393813,0.0014459557,0.0016191389,0.015427551,0.039069206
20170728-152850-1.jpg,4,4,0.0024677261,4.9266579e-05,0.12981458,0.0027144251,0.83721328,0.001904916,0.00037158781,0.0014113133,0.02405294
20171212-102147-3.jpg,8,8,0.00043906333,0.0016153847,5.0945811e-05,0.0016836652,0.0034055503,9.9012404e-06,0.00069002458,0.0013500566,0.99075562
20171218-104344-3.jpg,8,8,0.0075795939,0.014913616,7.0562619e-06,0.00040746038,9.4447078e-06,0.038326055,0.033398308,0.040899765,0.86445862
20180125-134425-2.jpg,8,8,4.3326589e-05,0.00023305822,4.5491929e-06,0.00024974425,0.00062214863,1.4351333e-06,8.6537966e-06,7.6780016e-05,0.99876034
20180112-074554-2.jpg,8,8,0.10862231,0.0018405619,0.00011487868,0.0025340428,0.014009377,0.00059979648,3.3445347e-05,0.10472046,0.76752502
20170210-133023-0.jpg,0,8,0.2190181,0.015691362,9.9864759e-05,0.0011943365,0.00024463894,0.23846447,0.00043314105,0.12774591,0.39710811
20170920-160348-3.jpg,2,2,0.0019062893,3.9654868e-05,0.84871721,0.020523248,0.11184972,7.1145718e-05,0.00023622985,0.0013336007,0.015322922
20170127-102243-0.jpg,1,1,0.016977254,0.84789711,5.8517697e-05,0.0050201039,0.00042495545,0.00012537834,0.0081424396,0.017026022,0.10432822
20170920-184353-1.jpg,2,2,0.0020129893,0.0025394883,0.74909127,0.0057784626,0.14645809,0.0024289009,0.0033400308,0.0013369553,0.087013863
20171218-104033-3.jpg,8,8,0.0075573674,0.0956598,3.5820252e-05,0.0013445483,0.00025485447,0.031077197,0.015864283,0.015309176,0.83289683
20171220-083917-2.jpg,8,8,0.00018201512,6.6427101e-06,2.1807741e-06,0.00033944185,0.00010131392,0.00017575783,2.9863832e-05,0.00063516258,0.99852753
20170210-131730-0.jpg,7,7,0.0015535459,0.00021310602,5.2018413e-06,1.6945896e-05,3.2630833e-06,0.00011573364,0.0017141441,0.99550903,0.00086908985
20180119-114225-1.jpg,8,8,0.031016277,0.31535232,9.7114731e-05,0.0068762256,0.0063603027,0.00030279133,0.0026232735,0.080447063,0.55692464
20180119-110326-1.jpg,8,8,0.0014500517,0.0094790133,0.00054737926,0.0035945231,0.0021860409,0.0044686357,0.045227114,0.014950551,0.91809678
20180109-103846-2.jpg,8,8,0.00042994868,0.00024478283,0.006065235,0.0014848714,0.0011412705,0.00044532187,0.032239497,0.00068666961,0.95726252
20171220-094813-2.jpg,8,8,0.0052516074,0.0047074067,2.6337197e-05,0.0075438237,6.9194335e-05,0.034463316,0.041989889,0.0089661749,0.89698231
20171220-090436-2.jpg,8,8,0.0055020372,0.0018503895,0.00027066041,0.0032237333,0.0028340162,0.089178726,0.0016184415,0.0094234161,0.88609862
20171102-102346-3.jpg,2,2,0.00024375574,0.0003046052,0.90479618,0.00031247525,0.0033039255,0.00057223171,0.0022713568,9.3185226e-05,0.088102281
20180125-130130-2.jpg,8,8,0.029369077,0.047539379,0.00032729641,0.10429668,0.021768207,0.0029267764,0.0033479165,0.017910564,0.77251428
20170410-153701-0.jpg,7,8,0.026326552,0.0095681716,0.00080630113,0.0035023121,0.010665595,0.0059624934,0.0039812974,0.22290276,0.71628439
20171121-073424-1.jpg,6,6,0.014031907,0.02942834,0.00011936291,0.0016913615,0.00014493176,0.023779489,0.68720424,0.049372647,0.19422771
20180112-082118-1.jpg,8,8,0.0028767183,0.00046368828,5.683284e-05,0.00060435652,0.006772601,2.122261e-05,7.3896728e-05,0.0071884431,0.98194236
20170706-110255-0.jpg,4,1,0.0037260349,0.49924523,5.5305427e-05,0.00073237502,3.7072597e-05,0.0010332504,0.36793491,0.080658913,0.046576906
20170128-102105-0.jpg,8,8,0.0040829927,0.0010153748,0.0418492,0.0099155204,0.13645263,0.00033328531,0.040039003,0.012992267,0.75331974
20171220-094820-2.jpg,8,8,0.0067560915,0.016634587,2.8845263e-05,0.023517709,0.00012738821,0.022392163,0.0085276896,0.010193186,0.91182238
20170706-111508-0.jpg,7,8,0.0075139035,0.030239347,0.0018197491,0.0016317603,0.018398184,0.00059201161,0.0080898991,0.045819454,0.88589567
20180109-071511-2.jpg,8,8,7.6794611e-05,8.4894025e-05,0.0015673655,5.8755497e-05,0.00078283233,4.0598803e-05,0.013067229,4.2242737e-05,0.98427922
20170913-125611-1.jpg,5,5,0.010008932,0.0025012165,0.0013954929,0.0057242145,0.0046980586,0.84187663,0.010838369,0.006199196,0.11675792
20180109-102754-2.jpg,8,8,0.0077514984,0.004659296,0.090379082,0.013809443,0.0071623176,0.0012508564,0.0048890184,0.0080973571,0.86200112
20171121-090759-1.jpg,6,6,0.00050695997,0.010170801,4.7329358e-06,8.896287e-06,9.9629124e-06,0.00021675348,0.98526716,0.0018828099,0.0019319387
20170729-085955-3.jpg,4,4,0.00099936919,3.9197806e-05,0.0070125293,0.0025013043,0.94792199,0.00017603849,0.00017936798,0.00097720244,0.040193062
20171212-095958-1.jpg,8,8,8.8043911e-05,0.00052140345,2.0107653e-07,0.0009956432,1.0130651e-06,0.003028278,0.0007649202,5.5440971e-05,0.99454486
20171220-090244-2.jpg,8,8,0.0014811878,0.003828953,0.0098328991,0.003760813,0.010871989,0.00022348508,0.0022904139,0.0033137267,0.96439648
20180105-101333-2.jpg,8,8,0.00019865301,0.00015060497,0.0023595546,8.9380897e-05,0.001623755,5.6790828e-05,0.018251885,0.00038802158,0.97688133
20180105-101216-2.jpg,8,8,1.7572904e-05,0.00012116611,1.8439997e-06,1.742385e-05,2.7398522e-05,4.3685992e-05,0.0012755826,2.0480973e-05,0.9984749
20170913-105923-2.jpg,3,4,0.0020007384,0.0003818791,0.0040130354,0.18500142,0.66183525,0.0012402891,0.0028597689,0.0013376639,0.14132997
20171025-074519-2.jpg,3,3,0.0016586112,0.00087254093,7.6040232e-07,0.99424523,0.00023750172,7.2345148e-07,8.8163978e-07,0.00014118988,0.0028426223
20180109-074324-2.jpg,8,8,0.0010216169,0.00077720068,1.7109596e-05,0.00010034697,5.119247e-05,0.00037349504,0.004205456,0.00080311758,0.99265045
20171219-094811-2.jpg,8,8,0.0090306615,0.0083833067,0.00027318246,0.012259342,0.0072649717,0.0058221845,0.001038315,0.0047021038,0.95122588
20171220-100335-1.jpg,8,8,0.0011824359,0.13602638,3.8986272e-07,0.0027523057,1.8365354e-05,0.0019682096,9.1162488e-05,0.00044281824,0.85751784
20171025-093205-2.jpg,3,3,0.081421532,0.0016315103,0.000912624,0.6688146,0.011565075,0.00069800759,4.8956765e-05,0.034901705,0.2000059
20180112-072341-1.jpg,8,8,0.0097596738,0.031337868,6.458642e-05,0.0020152251,0.00039599367,0.0029341662,0.00098827155,0.023833666,0.9286707
20171220-101143-1.jpg,8,8,4.5586115e-05,2.1325759e-05,1.4467788e-07,0.0001052397,3.0911849e-06,9.9731347e-05,1.8216211e-06,1.6333042e-05,0.99970669
20170304-131639-0.jpg,7,7,0.047282662,0.056184985,4.4269324e-05,0.00055689964,8.8260735e-05,0.01213782,5.2664156e-05,0.87295645,0.010695925
20170920-100505-2.jpg,2,2,2.1616352e-05,8.9865944e-06,0.99824214,1.6859043e-05,0.00036371159,1.0676182e-05,0.00018264708,1.2101979e-05,0.0011411594
20170811-132431-1.jpg,0,0,0.94764549,0.00051093852,2.2046488e-06,1.8107185e-05,1.7266859e-05,0.00050951797,1.3453422e-05,0.043395218,0.0078877453
20170920-095702-1.jpg,2,2,6.5827035e-06,5.6602034e-06,0.99966204,9.6292033e-06,0.00015209307,9.5269625e-06,5.1134921e-05,1.9554909e-06,0.00010146909
20170906-105324-1.jpg,3,4,0.00096604123,0.00022502673,0.00087796513,0.056728471,0.68254167,5.3968361e-05,0.0010608258,0.0039413613,0.25360465
20180109-072347-2.jpg,8,8,0.00076177053,0.00076507154,0.069868647,0.00029737854,0.017164612,0.0002876503,0.048669662,0.00039052559,0.86179471
20180322-112301-2.jpg,8,8,0.0029681742,0.0027831264,5.4425531e-05,0.0098598879,0.0010716512,0.00035193592,0.00010514333,0.0023691999,0.98043638
20170920-115421-3.jpg,2,2,1.0852284e-05,2.6741666e-06,0.99703288,8.1764549e-05,0.0021687218,8.3287368e-06,2.5716607e-05,1.2094481e-05,0.00065697974
20171102-103242-2.jpg,2,2,0.019504765,0.00076498906,0.73441792,0.029898701,0.076619491,0.0012994733,0.0029034796,0.026113188,0.10847803
20180112-080609-2.jpg,8,8,0.0051590903,0.00044483168,0.012871928,0.0032645203,0.0073095923,0.00019420993,0.0010506717,0.003544406,0.96616089
20170129-102757-0.jpg,8,8,0.0004459878,0.014925641,7.4479703e-06,0.00043338025,5.5833229e-06,0.00018295902,0.00049146253,0.00010838041,0.98339903
20180109-103926-2.jpg,8,8,0.0070403875,0.0015532401,0.0016144228,0.083338529,0.024177684,0.00010638741,0.00028906934,0.0090316962,0.87284863
20180322-121116-2.jpg,8,8,0.0017011404,0.00028740097,0.00026493188,0.0020945547,0.01363235,2.7853584e-05,0.00028653041,0.0018993318,0.97980601
20171121-091226-3.jpg,6,6,6.6170646e-06,0.00063490937,1.1984173e-07,1.6166512e-06,5.9767569e-07,8.4070598e-06,0.99919146,3.6899881e-05,0.00011938471
20170210-142635-0.jpg,7,7,0.0019671943,0.0017628612,4.4230537e-06,1.7542391e-06,1.42839e-06,0.0029295946,4.0527553e-05,0.99207109,0.0012210754
20170728-121202-2.jpg,4,4,0.0002074809,7.3987462e-06,0.00048272029,0.0011503613,0.9957912,9.9805147e-06,4.6883933e-06,0.00055432552,0.0017918164
20171113-132227-1.jpg,6,6,2.5044415e-05,0.00020976573,1.5499521e-06,1.2921085e-06,1.3742688e-06,4.8689549e-06,0.99808723,0.0002769428,0.0013918807
20180322-113506-2.jpg,8,8,0.001364672,0.0001621804,5.93119e-05,0.0009214392,0.0012822059,2.7497341e-05,1.4205806e-05,0.0017530993,0.9944154
20180112-094746-2.jpg,8,8,0.0054721846,0.0031001503,0.00040083568,0.0046855579,0.0013493744,0.00020655264,0.022931643,0.016025418,0.94582844
20170501-144221-0.jpg,1,1,0.0026242475,0.98731774,9.1546934e-07,6.8273694e-05,2.3604468e-06,6.5856052e-06,0.001010856,0.00092653063,0.0080424519
20170906-100700-1.jpg,3,3,0.0017755089,0.00074246631,0.00011618065,0.70205396,0.045584295,8.9945797e-06,0.00014044553,0.0028943268,0.24668387
20180109-103947-2.jpg,8,8,0.0064984839,0.0006414128,0.0037874209,0.038916301,0.076284193,0.00028278836,0.0014031706,0.0067939055,0.86539227
20171113-145332-1.jpg,6,6,8.658154e-06,0.00043777356,3.2979567e-06,1.7301106e-06,6.056249e-07,2.1726984e-05,0.9988507,0.00012607474,0.00054935057
20170728-154830-1.jpg,4,4,0.0017876311,0.00013204309,0.0066638524,0.021934371,0.90416539,0.0024077869,0.00049195217,0.00078388694,0.061633058
20171219-102206-2.jpg,8,8,0.00093765749,0.00051731966,0.00046160625,0.038120754,0.096237056,0.0010444431,0.00096455502,0.0007150445,0.86100155
20170811-114903-1.jpg,0,7,0.2184688,0.26271406,0.00015292851,0.0019818202,0.0002346324,0.028505558,0.011731982,0.40140361,0.074806556
20170718-132007-2.jpg,7,7,0.010503661,0.11601473,1.1389123e-05,5.5811975e-05,8.0526552e-06,0.011139574,0.00022987789,0.86104387,0.00099306635
20170920-114105-3.jpg,2,2,0.00078463153,5.3868232e-05,0.89318424,0.00091006653,0.092448376,0.00031666309,0.00097615726,0.0018001274,0.0095259026
20171218-122016-3.jpg,8,8,0.0004026579,0.00014781783,7.7691202e-06,0.0020762526,6.261532e-05,0.026318302,0.00024525833,0.00018834653,0.97055095
20170410-160127-0.jpg,7,7,0.013639112,0.0049553532,0.0002491968,0.0030281788,0.00017909134,0.0014664902,0.015120687,0.88584054,0.075521313
20170210-133438-0.jpg,0,0,0.53398806,0.029625863,0.00055220659,0.018110983,0.0024952276,0.00053097948,0.0019149281,0.2620604,0.15072137
20180109-103659-2.jpg,8,8,0.0029933236,0.0021956023,0.035055701,0.0017763445,0.0012586958,0.0072311605,0.021661393,0.0030866414,0.92474115
20180125-132847-2.jpg,8,8,0.00048375042,0.0016333024,0.00030295781,0.0047207209,0.0029618824,0.00029150228,0.0092096832,0.0024814657,0.97791457
20170210-130805-0.jpg,7,7,0.0021364877,0.0018317577,7.6100753e-07,6.5191298e-06,4.1452594e-07,0.00091188104,3.8810569e-05,0.99361414,0.0014592552
20170129-102437-0.jpg,8,8,0.020847119,0.03471414,0.00079952314,0.013361068,0.0018059155,0.044019785,0.0037915697,0.0099834278,0.87067753
20180112-074922-2.jpg,8,4,0.0010084695,0.00036740542,0.005649629,0.0057828119,0.52570868,0.00040782086,0.0060143373,0.0046472289,0.45041364
20170705-161056-0.jpg,7,7,0.15812354,0.053393122,0.00034473129,0.0053400137,0.0032147083,0.0077125635,0.00034994673,0.65041876,0.12110263
20171220-084830-2.jpg,8,8,0.00079172844,0.064196736,6.728241e-05,0.0088395998,0.00072876882,0.0011874771,0.0032439355,0.0014615764,0.91948289
20170727-113505-1.jpg,4,4,0.0063464353,0.0008089802,0.026461164,0.030382244,0.47795111,0.39088503,0.00046064181,0.0021782599,0.064526141
20171220-092605-3.jpg,8,8,0.0013586292,0.00034981177,3.6772003e-06,0.0014946888,0.00018362934,0.0014048535,4.6966288e-05,0.0003900475,0.99476779
20180112-091331-2.jpg,8,8,0.0068232184,3.217455e-05,5.0254621e-05,0.00043655577,0.0010677309,8.4891777e-05,1.6337153e-06,0.0017383863,0.98976529
20180109-085727-1.jpg,8,8,0.00036648309,0.001167717,1.1829773e-06,0.004574968,3.2772019e-05,0.00011852777,0.00030224433,0.0012787509,0.99215734
20170728-154121-1.jpg,4,4,0.00046401549,8.6829086e-06,0.00040388713,0.0010031944,0.97909933,0.00019470468,1.3833035e-05,9.7923927e-05,0.018714415
20180125-095445-2.jpg,8,8,2.5020197e-05,3.0227545e-06,2.7923152e-05,0.00015766075,2.2363225e-05,0.0012849881,0.012632561,1.11603e-05,0.98583525
20180109-105722-2.jpg,8,8,0.0034768393,0.0036522439,0.0040805554,0.0089384001,0.0037433926,0.0029046158,0.01325996,0.0015166302,0.95842737
20171109-091843-2.jpg,5,5,0.00029293855,0.0051713758,1.3189472e-05,0.00021205559,1.4676431e-05,0.95913148,0.0017755857,0.00027979756,0.033109006
20171220-084839-3.jpg,8,8,2.6527972e-05,6.9747737e-05,2.4689145e-08,7.5178323e-05,4.7139389e-07,0.0003554225,1.1412961e-06,2.9465027e-05,0.99944204
20171220-090834-3.jpg,8,8,0.025396498,0.00028118503,0.00033479492,0.0028471777,0.0011377969,0.00020453213,3.1589574e-05,0.040421017,0.92934543
20171121-071808-1.jpg,6,6,0.0061432575,0.027906485,0.00074662187,0.00097399345,0.0012490869,0.0018003989,0.50510222,0.0055480204,0.45052996
20171220-101319-2.jpg,8,8,0.014700661,0.037988741,1.3421942e-06,0.00049065938,7.9272274e-07,0.014204188,0.0012426268,0.0093805464,0.92199039
20180119-113355-1.jpg,8,8,0.00077446859,0.0067346282,5.542026e-05,0.0018424026,0.00037707452,0.00058931333,0.1049591,0.0028847039,0.88178301
20171220-083556-2.jpg,8,8,0.00077079609,0.00041263329,1.2452997e-05,0.032365222,0.0024241467,5.1527073e-05,8.547461e-05,0.0021253633,0.96175236
20171219-093202-2.jpg,8,8,0.015713878,0.0037807492,4.6954236e-05,0.03738096,0.0019223075,0.036740754,0.00047132547,0.0019826444,0.90196043
20171219-105135-3.jpg,8,8,0.0050368346,0.0022363772,8.8375207e-05,0.0084356535,0.00022363567,0.00063370419,4.5390036e-05,0.00095729833,0.98234266
20170920-132601-2.jpg,2,2,0.00018914582,4.4719818e-05,0.98171002,0.0051145991,0.0039368607,0.0076916721,9.4099822e-05,1.8687098e-05,0.0012001331
20180112-072415-1.jpg,8,8,0.05198608,0.013228069,4.7138517e-05,0.0011538997,0.0028527023,0.00216659,6.8834815e-05,0.075363651,0.85313302
20171201-123729-3.jpg,8,8,0.00064164476,1.0863735e-05,3.0166925e-06,9.9872796e-06,6.1631795e-06,7.3181087e-05,0.0002754232,6.437824e-05,0.99891531
20170906-112514-1.jpg,3,8,0.0051167617,0.01468186,0.00070280803,0.027637413,0.0084506478,0.0023358879,0.032068331,0.047333978,0.86167228
20170729-091939-2.jpg,4,4,0.00014185434,2.3176117e-06,0.00074277609,0.00018445551,0.99006128,1.2843202e-05,5.2607907e-06,0.00020751156,0.0086416174
20180322-120051-2.jpg,8,8,0.00028888357,0.00023625234,1.8116426e-06,0.00015281611,0.00037151409,7.0059291e-06,5.9662752e-06,0.00077229226,0.99816364
20170705-161748-0.jpg,7,4,0.1098377,0.0026849641,0.0020540191,0.007834808,0.43399817,0.0010475587,0.00025210192,0.24836127,0.19392936
20171109-093229-2.jpg,5,8,0.00010793118,0.0020427199,1.8030153e-06,0.0006308303,2.1962207e-05,0.080283336,0.0028975827,9.7314463e-05,0.91391647
20180125-134340-3.jpg,8,8,0.0022679935,0.0037357726,0.00015876781,0.001264379,0.0061172168,0.00074591959,0.0019978699,0.0028937547,0.98081839
20171203-173509-3.jpg,8,8,2.6355068e-05,0.00034502262,3.0564293e-06,0.00043482275,9.594232e-05,0.00015924074,0.0015839627,2.9832861e-05,0.99732178
20171218-120245-2.jpg,8,8,0.00056841521,0.0033526316,8.348894e-06,0.0043649734,0.00067528023,0.0008837714,0.0003069817,0.0014515739,0.98838812
20180112-074651-2.jpg,8,8,0.10702909,0.053110067,0.0021443707,0.014946238,0.01429588,0.012625765,0.0011435967,0.13935439,0.65535069
20171218-110528-3.jpg,8,8,0.00014155396,0.0036053532,2.8922685e-07,0.0011337793,4.6354813e-05,4.7293383e-05,1.9226027e-05,0.00042578581,0.99458033
20170217-100027-0.jpg,7,7,0.038346171,0.0031105396,1.041852e-05,3.8630729e-05,6.6162058e-05,0.051416747,0.00047191611,0.84546345,0.061076004
20171121-072315-1.jpg,6,6,0.00010013615,0.00041228344,1.2652475e-07,1.3522166e-06,2.9952307e-07,9.0231202e-05,0.98977762,0.00036624828,0.0092516802
20171219-095636-2.jpg,8,8,0.0037119396,0.0024458799,7.3522613e-05,0.0076150652,0.0012537352,0.00036904696,0.00024551517,0.0023870768,0.98189837
20171219-093410-3.jpg,8,8,0.012208829,0.01941243,0.00024289651,0.010048744,0.0019142111,0.0033930431,0.00044434326,0.017099734,0.93523574
20180109-103711-2.jpg,8,8,0.00021244376,6.0375965e-05,0.00025543408,7.6125376e-05,3.2079595e-05,0.0027350958,0.0022233967,0.00017483064,0.99423039
20170728-151644-1.jpg,8,4,0.0009622057,9.0251531e-05,2.0194919e-05,0.012232082,0.90771437,0.000264676,2.9283816e-05,0.0038725892,0.074814305
20171218-103405-3.jpg,8,8,0.010397322,0.0029765107,0.011396952,0.049694277,0.32581866,0.00080303999,0.0026610002,0.040164199,0.55608809
20171220-083743-2.jpg,8,8,0.0040579713,0.0002820123,2.3475577e-06,0.00057226483,1.1383091e-05,0.017810304,8.1265483e-05,0.00877026,0.96841216
20170714-143055-2.jpg,1,8,0.062805057,0.12065573,0.0007999338,0.043302659,0.14105229,0.0020786868,0.0028467979,0.15959574,0.46686324
20170920-111023-2.jpg,2,2,2.8018574e-06,2.3679304e-06,0.9998005,1.0539276e-05,7.2585892e-05,3.2396762e-05,1.6804799e-05,5.5172791e-07,6.1400497e-05
20180125-100950-1.jpg,8,8,0.0014412759,5.4952903e-05,0.00023118877,0.0001546947,0.0016540961,0.00017801108,0.00036738603,0.00079834479,0.99511993
20171220-093359-3.jpg,8,8,0.011118078,0.0011322445,2.8986216e-05,0.022481173,0.0010810451,0.0053623971,0.0016107908,0.0037015998,0.95348376
20170630-154315-0.jpg,7,7,0.0014318756,2.3736045e-05,3.6640788e-08,1.0954125e-06,3.6724963e-08,2.1639842e-05,0.00032970004,0.99812204,6.9831149e-05
20170714-142536-3.jpg,1,1,0.00079845748,0.99537474,2.6058877e-05,0.001258404,1.541498e-05,7.9932979e-06,0.00012023732,0.0011184299,0.0012803311
20171025-095009-1.jpg,3,3,0.032991499,0.0091035692,0.0017445977,0.80910122,0.032296132,0.00040326014,0.0013490228,0.027444039,0.085566647
20180105-093310-2.jpg,8,8,0.0012931125,0.00067757646,0.01364585,0.0029857953,0.0094933268,0.00012178948,0.025070392,0.0036922572,0.94301999
20170210-131423-0.jpg,7,7,0.0010865716,0.00041000152,5.8200239e-05,0.00012083245,1.6460102e-05,0.0026981686,0.00012593102,0.98950034,0.0059834975
20171113-115920-3.jpg,6,6,0.00030585428,0.00058474747,0.00024021434,3.9306356e-05,6.9814218e-05,0.00054590189,0.9879055,0.0023767154,0.0079319514
20171113-145759-3.jpg,6,6,3.4351218e-05,0.0042861318,9.0273519e-05,1.5051829e-05,1.88138e-05,0.00027249794,0.98061568,0.00028946789,0.01437779
20180119-110358-2.jpg,8,8,0.05839587,0.071957767,0.004938894,0.054818217,0.0475544,0.0010928486,0.0025914505,0.18741928,0.57123131
20170718-131906-2.jpg,7,7,0.013577393,0.017672922,0.00028064704,0.0065901391,0.0080509325,0.00026963963,0.00042458784,0.93808067,0.01505309
20171218-110905-2.jpg,8,8,0.0052024764,9.6588978e-05,1.2103585e-06,3.3963235e-05,1.0467479e-06,0.00019229761,9.6604217e-06,0.00049192843,0.99397075
20180112-070622-2.jpg,8,4,0.002941397,0.00017552446,5.3153759e-05,0.011758645,0.66942698,3.2681578e-06,1.2458608e-05,0.0044711041,0.31115744
20180125-091618-2.jpg,8,8,7.1849754e-05,1.3348461e-05,2.7091655e-05,0.00014022774,0.0018931134,7.0668393e-05,0.00065338763,3.6451427e-05,0.9970938
20180322-133812-1.jpg,8,8,0.00014497621,0.00042337782,0.034729473,0.00098613056,0.00096755521,0.00013589245,0.00075172546,0.00014206329,0.96171874
20180109-095847-2.jpg,8,5,0.048887227,0.14114833,0.04779207,0.0073791998,0.017149676,0.46215543,0.0026720336,0.11120962,0.16160646
20170129-102006-0.jpg,8,8,0.015545421,0.12763587,0.0023986273,0.0030360264,0.00068557326,0.0004532387,0.0046777362,0.0090896273,0.83647782
20171219-102046-2.jpg,8,8,0.0034734171,0.001187704,0.0057266229,0.044095345,0.38852951,0.00089321483,0.0027980979,0.0072102672,0.54608577
20170217-121224-0.jpg,0,0,0.99886155,2.3857179e-05,7.566009e-08,1.0480968e-07,6.9583912e-08,5.625292e-05,3.2263557e-05,0.00072128756,0.00030454158
20170727-124501-3.jpg,4,4,0.00012237688,1.5288695e-06,0.00039701458,0.00021286357,0.99558061,3.1136067e-06,7.6225374e-06,0.00035543775,0.0033194376
20171205-123619-2.jpg,8,8,0.13273425,0.12859973,0.0010858693,0.003121481,0.0041120253,0.01764912,0.0059408788,0.11232501,0.59443164
20180119-104537-2.jpg,8,8,0.022391543,0.081676647,0.021203389,0.018895498,0.021631442,0.00076549279,0.0052637369,0.027142441,0.80102974
20171203-172336-3.jpg,8,8,0.0014484136,0.0077258446,0.050810959,0.0030697647,0.013956076,0.00041474204,0.100825,0.002321152,0.81942797
20171218-104645-3.jpg,8,8,0.0072556613,0.024440164,2.0930836e-05,0.0051017245,0.00046444155,0.0053267889,0.0062664822,0.0034620566,0.94766188
20171109-093438-2.jpg,5,8,0.0078739896,0.025828483,0.0002054236,0.0045610461,0.0023639849,0.020321345,0.13921803,0.0064458395,0.79318196
20171102-103136-3.jpg,2,2,0.00036416322,9.1760092e-05,0.87819856,0.0023566976,0.091609031,0.0011750165,0.0011137901,7.1631846e-05,0.025019445
20170705-164230-0.jpg,7,7,0.039310526,0.0021517845,0.0006903921,0.04292392,0.27736658,7.9602556e-05,0.00037244055,0.54448801,0.092616707
20171113-060840-1.jpg,6,6,0.00017583124,0.00077337568,3.9492763e-05,0.00011939096,8.7722372e-05,0.00023978794,0.98721898,0.00063204666,0.010713381
20170315-090222-0.jpg,8,8,0.0046605519,0.0020826021,0.00013244561,0.0043897936,0.0051502516,0.00099061895,0.011624665,0.0097104926,0.96125865
20170920-131847-2.jpg,2,2,3.9055023e-05,4.0248001e-06,0.99594879,0.00016199362,0.0032965268,6.9295511e-06,8.4279884e-05,1.812032e-05,0.0004402971
20171218-111605-2.jpg,8,8,0.22907697,0.0081766788,0.00052519504,0.022791533,0.0041021947,0.0013331377,2.4835028e-05,0.067769438,0.66619998
20170906-094844-2.jpg,3,4,0.044223033,0.00064779416,0.11760926,0.28179079,0.36603114,0.0022404809,0.00076035719,0.07976754,0.10692966
20170913-122837-3.jpg,3,4,0.037970509,0.012782698,0.022339839,0.036395025,0.63965797,0.0081655569,0.00035806643,0.10307301,0.13925727
20170705-160831-0.jpg,7,8,0.01470456,0.0060856356,0.00020429348,0.043604229,0.055937223,0.0047273096,0.0049164584,0.041405421,0.82841474
20180109-090332-1.jpg,8,8,0.00014000479,0.0024948523,6.572172e-06,0.00075331435,0.00012164244,0.00023626495,0.017563466,0.00023350748,0.97845048
20180112-093023-1.jpg,8,8,0.0070433388,0.024537964,9.4954223e-05,0.002188703,0.0051784394,0.00025261499,0.0034769317,0.014691224,0.94253576
20170210-133138-0.jpg,0,8,0.054104395,0.12330538,0.0014419635,0.020859277,0.0006424,0.00090885063,0.011412586,0.28132039,0.50600481
20170913-104016-3.jpg,5,8,0.00050718733,0.00052401831,5.252118e-05,0.0052590719,0.00027428157,0.41049922,0.0065929736,0.0010054172,0.57528532
20171113-144457-1.jpg,6,6,1.5682539e-05,0.0020594485,5.6225315e-07,1.7948016e-05,2.033403e-06,0.00027349807,0.98669678,6.9903377e-05,0.010864175
20170913-102022-2.jpg,3,3,0.00074746244,0.00036308268,0.00026130423,0.77105755,0.13504668,7.522598e-05,0.00079296716,0.00065561762,0.091000058
20171220-085407-3.jpg,8,8,0.001995737,0.001923627,6.9389821e-06,0.0002285466,1.4997167e-05,0.0055396813,0.001540087,0.0040383758,0.984712
20170728-154037-3.jpg,8,4,0.0012731977,0.00018610088,0.00042147096,0.01888272,0.64952159,0.0021948286,0.00034210391,0.0015311871,0.32564694
20180109-104510-1.jpg,8,3,0.02145634,0.0024131702,0.00053084886,0.67457497,0.08217527,1.8522862e-05,1.6058844e-05,0.012268923,0.20654593
20180109-070915-2.jpg,8,8,0.0016438053,0.011469603,9.3178358e-05,0.00019700498,5.5818178e-05,0.0006344025,0.19334124,0.003104191,0.78946084
20170522-093600-0.jpg,1,1,0.0093088709,0.9431293,0.00077269832,0.00033437024,0.0001952849,0.0013725662,0.0018530607,0.032160811,0.01087311
20171219-101538-3.jpg,8,8,0.0020006383,0.0023424276,7.8885814e-06,0.002038107,3.9239258e-05,0.0032355571,0.00051583734,0.0014149977,0.98840547
20180109-074243-2.jpg,8,8,0.00052652613,0.00015154087,4.3728569e-06,0.00012709619,5.1206312e-05,0.00043237439,0.00059286243,0.00056984281,0.99754399
20171219-114240-2.jpg,8,8,0.0020605174,0.00042548805,0.0039315787,0.01613705,0.032600366,7.740633e-05,0.0038676618,0.0088063721,0.93209368
20180119-110948-2.jpg,8,8,0.0036036116,0.0058332235,0.0036355136,0.0020773229,0.04728372,6.5508866e-05,0.015905408,0.0047809035,0.91681492
20170718-133513-2.jpg,7,7,0.05166645,0.012920397,0.0023294718,0.054667465,0.011920965,0.00042186613,0.0077596945,0.53412074,0.32419297
20171218-114611-3.jpg,8,8,0.00061573548,0.00081794249,2.6501715e-05,0.0010806804,7.7234246e-05,0.047909487,0.0012596655,0.00052261673,0.94769013
20180109-071956-1.jpg,8,8,0.0004488905,0.0028542019,3.5662742e-06,0.00016123313,5.1717238e-05,0.00039808883,0.016395401,0.00021185266,0.97947502
20170906-104356-1.jpg,3,3,0.023477087,0.003338116,0.034033637,0.68316907,0.16080824,0.0011915049,0.0011592372,0.019730238,0.073092863
20180322-102858-1.jpg,8,8,0.00097543979,0.0019606259,1.9320689e-05,0.0020688083,0.006779898,5.3988962e-05,1.0831507e-05,0.0016395529,0.9864915
20180109-075132-1.jpg,8,8,0.0048592165,0.0013238817,0.0019437897,0.00024383175,0.0008889215,0.0018025828,0.016368335,0.0013204267,0.97124904
20170704-151544-0.jpg,0,0,0.98212183,6.2897154e-05,5.6418322e-08,1.2475718e-07,2.7903499e-07,4.4040895e-05,5.2461382e-06,0.017413273,0.00035240914
20170718-132036-2.jpg,7,7,0.044218477,0.18249321,0.00082552864,0.010385497,0.0015054625,0.0020112901,0.0016247401,0.70910329,0.047832515
20180119-114305-1.jpg,8,8,0.040603444,0.066068098,0.00047962664,0.047043756,0.068434127,0.00090458995,0.010297604,0.1764334,0.58973545
20180109-071515-1.jpg,8,8,3.8547067e-05,0.00023493601,0.00025210844,1.1422126e-05,1.2873044e-05,0.00013069226,0.04594427,2.2761018e-05,0.95335251
20170906-135456-4.jpg,3,4,0.013067286,0.00026874983,0.0062131011,0.12384889,0.68784511,0.0018269307,0.000178514,0.0079831611,0.15876825
20180322-130715-1.jpg,8,8,0.024997978,0.034450375,0.00045376946,0.019429574,0.015390585,0.020672567,0.0021133376,0.028472234,0.85401958
20180109-074146-1.jpg,8,8,0.001153426,0.0010344709,0.0030343696,0.0075511802,0.007718171,0.0010880738,0.034272179,0.0031973526,0.94095063
20171121-073705-1.jpg,6,8,0.00013113946,0.0015433719,5.6969839e-05,0.000160986,0.000235457,0.00030234459,0.18414682,0.00045748841,0.81296533
20180105-092734-2.jpg,8,8,0.0023598608,0.014028226,0.0008872489,0.0012230088,0.0094331391,0.00014253962,0.0066290116,0.0015720781,0.96372485
20171025-092025-1.jpg,3,3,0.011899231,0.00023064026,0.00040935274,0.95362771,0.013546268,2.0567979e-05,1.0790955e-05,0.003482365,0.016773047
20171218-111830-3.jpg,8,8,0.010134502,0.020487091,0.0033852719,0.0034450043,0.0048071626,0.038576476,0.017420337,0.02208261,0.8796615
20170129-103718-0.jpg,8,1,0.014020772,0.59360582,9.5449766e-05,0.019500334,0.00039838004,0.0025667893,0.066645727,0.15785618,0.14531051
20170501-142943-0.jpg,1,1,0.00012031987,0.82963294,1.2074528e-06,6.0805116e-05,1.890146e-06,0.00014543523,0.15557154,0.00035034737,0.014115585
20171205-133742-2.jpg,8,8,0.010611166,0.02627827,0.00011794126,0.056228343,0.004542795,0.002607469,0.00013509709,0.0066923527,0.89278662
20171201-115911-1.jpg,8,8,0.0010827681,0.0083557405,1.5684804e-05,0.0023343025,8.5066866e-05,0.0058342232,0.0029253524,0.0015939403,0.97777289
20180322-121833-2.jpg,8,8,0.0048173927,0.0014651032,6.6978449e-05,0.0020629992,0.0011918057,0.00035140049,0.00032454508,0.0010196943,0.98870009
20180125-091530-2.jpg,8,8,0.00045110934,2.81341e-05,0.00050798367,0.00037236686,0.003227269,0.0002376958,0.0040747453,0.0001738484,0.99092698
20171102-120702-2.jpg,2,2,7.7660843e-05,0.00013883505,0.99771488,0.00025776288,0.00024012099,8.5993299e-05,0.00017859395,1.6506539e-05,0.0012895975
20171212-105943-3.jpg,8,8,0.001681268,0.004727561,0.00024765261,0.0014154314,0.0026218544,3.2648288e-05,0.000812285,0.0048522353,0.98360908
20170920-095153-2.jpg,2,2,0.00060824666,0.00074192032,0.68273175,0.00027587643,0.046145778,2.0473142e-05,0.010571809,0.00083508709,0.25806904
20180125-093345-2.jpg,8,8,0.00014826836,0.00046500395,1.9346166e-05,0.00076123019,0.0039700414,7.4041332e-06,0.00011345363,0.00013985118,0.99437547
20170714-140605-1.jpg,1,8,0.034171659,0.37860158,9.6406875e-05,0.0094622653,0.0022173994,0.0010344314,0.0085636303,0.051741898,0.51411068
20170811-124947-2.jpg,0,0,0.96527427,0.0024103783,0.0001671465,9.2310765e-05,0.00045355732,0.010873382,0.00018553874,0.010286614,0.010256748
20171113-100514-3.jpg,5,5,1.6790622e-05,2.6880166e-06,2.1085185e-08,1.7931067e-06,9.3662308e-08,0.99986923,5.6574827e-05,2.3507314e-06,5.0354647e-05
20171218-115107-3.jpg,8,8,9.6572971e-05,0.00098594092,6.5379481e-06,0.00044692936,2.730877e-05,0.022598168,0.0013293908,0.00016962232,0.97433972
20170913-103603-2.jpg,3,3,0.0023915377,0.00072459917,0.00084001367,0.54950082,0.0072643445,0.14105313,0.0021485132,0.00065939775,0.29541761
20180119-111428-1.jpg,8,8,0.0020860946,0.0046185758,3.8265716e-05,0.00047037998,0.00022094404,0.00018079368,0.0020657864,0.00242436,0.98789495
20170315-085715-0.jpg,8,8,0.010605006,0.011013188,0.00046413465,0.030590048,0.0066136941,0.020743292,0.016704952,0.16198826,0.74127746
20180322-112537-1.jpg,8,8,0.00054854399,0.002305181,0.0002977142,0.0015824424,0.0018899419,0.00013250051,0.00010429424,0.0021143979,0.99102497
20180112-100714-2.jpg,8,8,0.088014223,0.01837033,0.0005434248,0.0010506592,0.00061794295,0.0019463353,0.0010360101,0.16849285,0.71992821
20170727-163104-2.jpg,4,4,0.00047669804,0.00010626412,0.0014616272,0.0016292409,0.58952981,4.2965468e-05,0.00043366489,0.0025091325,0.40381059
20171212-093927-3.jpg,8,8,0.0025471835,0.0053760689,3.559707e-05,0.046235718,0.00086840603,0.00040163074,0.00062106823,0.0046877628,0.93922657
20171220-101632-2.jpg,8,8,0.0009907434,0.011469748,1.2931146e-06,0.00054478517,9.4521201e-06,0.0076206001,0.00094867172,0.0021874455,0.9762274
20180322-112736-2.jpg,8,8,0.0019797718,0.0078078243,3.0859712e-05,0.0013697761,0.00050063588,0.0016409708,0.0013946728,0.0029457442,0.98232979
20170728-150227-1.jpg,4,4,0.0011642023,7.9663936e-05,0.014377251,0.00077780866,0.75667608,0.0001115423,0.00023848032,0.00055697857,0.22601783
20171025-075132-2.jpg,3,3,0.0020323314,0.00033541754,9.1315424e-06,0.98510879,0.0011304764,2.4173056e-05,3.1547188e-05,0.00047054826,0.010857636
20171220-094913-1.jpg,8,8,0.0007136541,0.0056495187,1.0101502e-05,0.0064793765,2.5528774e-05,0.021702511,0.00418504,0.00099168788,0.96024281
20170630-152217-0.jpg,7,7,0.08194793,0.0059429328,5.3123302e-05,0.00013452127,6.2110274e-05,0.0035983166,0.00052283495,0.88088804,0.026850134
20180125-091239-1.jpg,8,8,4.7155916e-07,1.689929e-07,3.12005e-08,1.4620569e-07,6.1230276e-06,1.2629154e-07,1.1735377e-06,8.3035339e-08,0.99999177
20180112-092549-1.jpg,8,8,0.041112904,0.0024737464,0.00063827174,0.0011035149,0.0056155543,0.0004381802,0.00010371833,0.016268481,0.93224585
20170714-133445-1.jpg,1,1,0.0010583687,0.98265612,2.1575674e-05,0.00028319837,1.5926742e-05,0.0001281333,0.0039976034,0.0080328006,0.0038063161
20171113-143028-3.jpg,6,6,0.00046879944,0.02896356,0.00040852989,0.00066294911,0.00043102077,8.9521738e-05,0.90335804,0.0017304415,0.063887097
20170728-121057-2.jpg,4,4,0.00011172119,9.0115782e-06,0.0012790209,0.0007984555,0.97273469,1.1789496e-05,1.4776485e-05,0.00070592359,0.024334658
20170217-113234-0.jpg,7,7,0.0018609491,0.00012452337,3.8427111e-06,1.0503519e-05,1.1758083e-06,0.0026452371,0.0039625601,0.98880613,0.0025850968
20170217-120542-0.jpg,7,7,0.039640427,0.0016677396,0.00021250156,0.0015737569,4.030735e-05,0.0021463966,0.00084168685,0.64424056,0.30963659
20180322-105013-1.jpg,8,8,0.022326378,0.0014800511,0.00011639439,0.0052602109,0.063384302,0.0011320463,2.9511175e-05,0.047875475,0.85839564
20170728-123905-3.jpg,4,4,0.0012989062,7.5699623e-05,0.0019389328,0.0075440006,0.97392797,2.5022031e-05,2.9893865e-05,0.0044822395,0.01067738
20171109-193741-1.jpg,5,6,0.0002625355,0.017570492,0.00013968961,0.00028531815,0.00016564902,0.0013598804,0.92647803,0.0018825773,0.051855847
20171220-091703-2.jpg,8,8,0.00032742022,0.00065442186,3.7076809e-06,0.0011313242,1.7480432e-05,0.044789761,0.00011775162,0.00023807927,0.95272011
20180105-102457-1.jpg,8,8,0.00041726307,0.00012727504,0.095207609,0.00044785903,0.009112481,0.00012398274,0.010248492,0.00063158973,0.88368344
20180119-105435-1.jpg,8,8,0.00011499121,0.00085841131,3.3503802e-06,0.00010648355,0.00010701783,5.3834342e-06,0.00049029937,9.3092618e-05,0.9982211
20170210-133154-0.jpg,0,7,0.023465846,0.018414767,1.2462073e-06,5.4534852e-05,1.9762604e-06,8.671642e-05,0.0091110207,0.94671941,0.002144475
20180125-131323-3.jpg,8,8,0.00082443852,0.0063342098,0.00011040664,0.0015899496,0.0077180262,1.7573249e-05,0.00015261884,0.001833818,0.98141909
20180109-103225-1.jpg,8,8,0.0015869058,0.00031268178,0.0014448377,0.0051152036,0.0047455793,2.0516763e-05,5.6677727e-05,0.0038333144,0.98288417
20180125-133246-2.jpg,8,8,0.0019259001,0.0088068359,8.9000154e-05,0.0051889275,0.0023197634,0.00022135675,0.0014106609,0.0062510483,0.97378641
20171217-184248-2.jpg,8,8,0.056111991,0.0050830226,7.0490765e-05,0.014588856,0.00037535623,0.05130519,0.00050154503,0.014348971,0.85761458
20180112-102302-1.jpg,8,8,0.019200876,0.26031512,2.1632888e-05,0.0042669186,0.00018385342,0.0021107735,0.0005012771,0.019440491,0.69395918
20171220-092748-2.jpg,8,8,0.00098806631,0.00022373666,1.9453386e-05,0.0041113989,0.00025861795,0.012946768,4.9604238e-05,0.00064142019,0.98076105
20171212-101630-3.jpg,8,8,0.1519092,0.28409359,3.385622e-05,0.0018100184,8.233534e-05,0.00070790108,0.00050933287,0.069278173,0.49157554
20171109-075049-3.jpg,5,5,1.4849995e-06,2.9296041e-06,8.935392e-09,2.46017e-06,4.5556657e-08,0.99993062,4.8932226e-05,2.5220911e-07,1.3259812e-05
20180105-093148-2.jpg,8,6,0.00037544276,0.014729939,0.0023869555,0.0025533331,0.0012175458,0.031428486,0.70762968,0.00074655237,0.23893204
20180109-100022-1.jpg,8,8,0.0065578199,0.0010754521,8.5271502e-05,0.00064832397,0.0030356166,9.1623806e-05,0.00012808621,0.013683367,0.97469443
20171113-144252-3.jpg,6,6,7.4180161e-07,2.4023911e-05,2.7205566e-08,1.4022702e-07,8.2675491e-08,6.5186498e-08,0.99995172,2.0125815e-06,2.1142272e-05
20171113-131510-2.jpg,6,6,0.00031497458,0.0027823725,5.3087471e-05,0.00046136853,0.00080680795,3.1528576e-05,0.65146941,0.0016094256,0.34247097
20180322-104606-1.jpg,8,8,0.0022226498,0.00021839981,3.76457e-06,0.00025425199,0.00096883514,0.00021823907,6.0990428e-06,0.00058680639,0.99552095
20171113-123443-3.jpg,6,6,1.1708116e-05,0.00021089939,4.4154626e-07,9.0158328e-06,2.1779961e-06,0.00059095141,0.99495465,5.125222e-05,0.0041689584
20171025-082133-3.jpg,3,3,0.015208637,0.0026524712,9.0207752e-05,0.84479058,0.043101534,5.8862039e-05,7.1632123e-05,0.020010088,0.074016117
20180322-132524-1.jpg,8,8,0.0017160616,0.001751737,0.00044714959,0.0055203186,0.170022,3.1118623e-05,0.00014538436,0.0012764252,0.81908983
20170728-153348-1.jpg,8,4,0.0060889991,0.00019501192,0.0010183379,0.0050869184,0.84582061,0.022739599,0.00018711807,0.0005015019,0.11836175
20170127-101639-0.jpg,1,1,0.0060119675,0.8470968,0.00010085304,0.007062308,0.00050460076,0.0020857942,0.01030349,0.0030292566,0.12380499
20171025-074012-1.jpg,3,3,0.005936611,0.004038746,0.0002228839,0.68784642,0.11055862,5.3363936e-05,0.0011974844,0.038612947,0.15153283
20180112-103611-1.jpg,8,8,0.0020055845,0.00013161858,2.7459791e-05,3.9794279e-05,4.0013361e-05,0.00011844289,0.00070691592,0.00029768958,0.9966324
20170714-115443-2.jpg,1,1,0.00012627975,0.99762708,2.7314442e-07,7.322304e-05,1.5695772e-06,1.4829257e-06,0.0015946755,0.00044807242,0.0001273933
20180119-104936-1.jpg,8,8,0.0068816687,0.0086706029,0.00032890757,0.0027249393,0.00089416152,0.015900116,0.012294077,0.019379988,0.93292564
20171113-141633-2.jpg,6,6,0.0013956107,0.012423069,2.5910262e-05,0.00014149093,8.067771e-05,0.0012169553,0.96784645,0.0035043682,0.013365525
20171121-081516-2.jpg,6,6,0.00019514264,0.019284552,0.00018704325,0.00018062741,9.4461146e-05,4.7815007e-05,0.89774305,0.00061874947,0.081648484
20170727-170933-3.jpg,4,4,0.0017794747,0.00015406722,0.0031708758,0.0048975265,0.91936892,5.8272628e-05,0.00032935073,0.0051844744,0.065057002
20180322-112034-1.jpg,8,8,0.0065152668,0.0080747399,5.7682879e-05,0.022180814,0.011543791,7.2554583e-05,0.00010752703,0.028519319,0.92292839
20170207-141840-0.jpg,7,7,0.13339441,0.071701594,0.00024284943,0.0022413374,0.00020627698,0.15658215,0.00026717325,0.4236705,0.2116937
20171220-093036-2.jpg,8,8,0.00047431508,5.3694603e-05,6.4528931e-06,0.0010286393,8.0896862e-05,0.0089735603,8.2751329e-05,0.00011547597,0.98918426
20180105-100913-2.jpg,8,8,0.00012182952,0.00016482417,0.0012775743,0.00021668809,0.00055926712,7.4640629e-05,0.016837835,0.00023486862,0.9805125
20171220-083113-3.jpg,8,8,0.00040417095,0.00022876212,1.2401586e-06,0.00030786154,0.00020888605,0.0017460535,7.8938887e-05,0.00082412153,0.99620003
20170210-131822-0.jpg,0,1,0.17329919,0.45143729,0.00059096474,0.0011413044,0.0006479476,0.0035593167,0.00016651544,0.28999496,0.079162546
20170210-133946-0.jpg,0,0,0.96597177,0.0027181534,6.2486379e-06,3.071925e-06,3.7186637e-06,0.0011998878,0.0005005842,0.020800848,0.0087957168
20170217-095820-0.jpg,7,8,0.056027856,0.01103466,0.00029943397,0.0043740403,0.00056032633,0.049263623,0.0006764633,0.32779124,0.54997236
20180109-074105-2.jpg,8,8,0.0017853208,0.0023199327,1.5791479e-06,6.2295636e-05,7.9762285e-06,7.9163648e-05,0.0026877807,0.00049423618,0.99256176
20170913-124425-1.jpg,5,7,0.16558442,0.042572059,0.00022796837,0.024570759,0.032919455,0.0046348278,0.084964089,0.47307941,0.17144711
20170913-121227-1.jpg,5,5,0.0003462756,0.00027085116,0.00011259531,0.0049562943,0.00097728171,0.96373296,0.0012322535,0.00029766138,0.028073898
20180322-133100-1.jpg,8,8,0.00026571512,0.0020838378,3.1449166e-05,0.0049650883,0.00502156,0.00077959459,0.00026495804,0.0014847689,0.98510301
20180109-095915-1.jpg,8,8,0.0059037236,0.00029319615,5.3314998e-05,0.0026947216,0.00071207032,8.4548301e-05,0.00010859717,0.0084505584,0.98169935
20171025-085907-2.jpg,3,7,0.0789437,0.0825518,0.011853359,0.21767929,0.17479964,0.011013158,0.0020269714,0.22004259,0.20108949
20180125-092329-1.jpg,8,8,1.8466115e-05,9.7814394e-05,2.3939024e-06,0.0015266783,0.0008572134,5.7067605e-06,0.0003591275,4.5574892e-05,0.99708718
20170920-095021-2.jpg,2,4,0.010879691,0.0042373985,0.0049488028,0.0080691194,0.60860753,9.1831185e-05,0.0085635846,0.026614426,0.32798764
20171220-085351-2.jpg,8,8,0.00066298997,0.018618258,2.7006261e-05,0.0032215416,0.00024448748,0.00040549476,0.0037752173,0.0012898499,0.97175509
20171203-172716-3.jpg,8,8,0.0045920433,0.031801414,5.7125521e-07,0.00087940373,5.1490817e-05,0.0010482746,0.00079349219,0.0073422855,0.95349103
20171205-141517-2.jpg,8,8,0.017767146,0.034779191,2.6099528e-05,0.051710531,0.011943465,0.00010650643,6.4539192e-05,0.017176777,0.86642569
20180109-071039-2.jpg,8,8,0.00028380469,0.001216577,0.0063277432,0.00015085022,0.0010774473,5.2043619e-05,0.019916402,0.00013883713,0.97083616
20171203-171929-3.jpg,8,8,2.7362137e-05,9.5786192e-05,3.5500241e-06,2.62259e-05,0.0001342928,3.9366864e-06,6.7417917e-05,6.164566e-05,0.99957973
20171025-095049-3.jpg,3,3,0.041576322,0.0021972926,0.010934507,0.51178414,0.20777638,1.7897284e-05,0.00022755895,0.030569091,0.19491689
20180112-092131-1.jpg,8,8,0.0013753775,0.00057526043,2.3103285e-05,0.0010268842,0.00021905221,4.0514362e-05,8.1197089e-05,0.0030852451,0.99357337
20171102-121450-2.jpg,2,2,0.000989986,9.9022815e-05,0.97822797,0.0042155674,0.010093269,0.0001852797,0.0001355883,0.001849495,0.0042036902
20170803-133045-1.jpg,0,8,0.05351739,0.047800306,0.00026950697,0.0049318098,0.0047137472,0.0032022318,0.17070569,0.15748237,0.55737692
20171201-120654-1.jpg,8,8,0.00077713869,0.021183971,1.8693584e-06,0.001003172,5.0098338e-06,0.1777178,0.0084920293,0.0001480366,0.79067093
20170920-183535-1.jpg,2,2,0.00084668782,0.00092745404,0.65321386,0.0009968935,0.21243654,0.0018918762,0.0041514342,0.0012322748,0.12430299
20171113-140237-2.jpg,6,6,0.00210818,0.020375393,7.3978779e-05,0.0004185164,0.0011959953,0.00028560037,0.82922506,0.040989518,0.10532779
20171025-082029-2.jpg,3,3,0.015912626,8.977687e-05,0.005391004,0.87343478,0.07583376,1.4428883e-05,4.7295915e-05,0.0053119212,0.023964355
20170920-112533-2.jpg,2,2,0.00078225479,6.4690816e-05,0.90966827,0.001290121,0.066442154,7.5527998e-05,0.00025779891,0.0016760208,0.019743184
20171025-080027-2.jpg,3,3,0.0020793627,0.0002400259,4.5324837e-06,0.98597229,0.0051541957,8.4434532e-07,4.1212863e-07,0.0012561013,0.0052921777
20170217-152225-0.jpg,0,6,0.20069982,0.056146987,1.1694106e-05,0.00021154813,1.1453768e-05,0.018018125,0.32709444,0.31456465,0.083241247
20171212-094942-1.jpg,8,8,0.0056449128,0.00071726402,2.9340015e-05,0.0003924288,0.00042001947,0.00056823378,8.3168779e-05,0.0084089907,0.98373574
20171219-113407-3.jpg,8,8,0.0025106969,0.00054665568,0.063268103,0.06777893,0.24686268,0.00011531133,0.0034212393,0.0063827471,0.60911369
20180109-101513-2.jpg,8,8,0.00047528147,0.0036162129,0.00080190942,0.010039299,0.0064153885,0.00027286896,0.0049000974,0.0012375652,0.97224134
20170126-095745-0.jpg,1,1,0.0018879145,0.9947648,3.1695877e-06,3.1470714e-05,2.914675e-06,5.0944676e-05,0.0015306873,0.00020246302,0.0015255081
20170210-144956-0.jpg,7,0,0.88666987,0.00035105343,6.0674934e-06,3.4895288e-06,4.7889275e-06,0.00025365857,0.01077253,0.04028542,0.061653271
20171113-125026-0.jpg,6,6,1.0427002e-06,2.0667065e-05,1.0012064e-07,5.6660684e-07,8.0630002e-08,1.8402189e-07,0.99992943,8.4753101e-06,3.9480423e-05
20170920-134843-2.jpg,2,4,0.0067212638,0.0004297549,0.089827292,0.023461273,0.72545809,0.00022218881,0.0013269765,0.016619653,0.13593356
20170210-132327-0.jpg,0,0,0.53108716,0.12797531,0.0025402957,0.0015396803,0.00057196053,0.0021792697,0.14526381,0.023141488,0.16570093
20170315-085209-0.jpg,8,8,0.0007168508,0.00012154347,6.9354601e-06,0.00065103371,6.9281588e-05,0.00040976878,0.00031454201,0.00039834066,0.99731159
20171217-185021-2.jpg,8,8,0.0006476093,0.00012984837,8.2364322e-06,9.2704497e-05,2.5399022e-05,0.0055478206,0.0035855789,0.00059348397,0.98936927
20171220-101158-2.jpg,8,8,0.0004149001,0.0058356933,1.7769857e-07,0.00064290775,1.674682e-06,0.00035106711,0.00023699515,0.00045914942,0.9920575
20170727-145906-3.jpg,4,4,0.00046633408,1.7614981e-05,0.0013182283,0.0029292104,0.94752282,0.00033026689,0.00014932606,0.00076386792,0.046502333
20170130-102504-0.jpg,1,1,0.014907439,0.92206377,0.00041567365,0.00049519457,9.7836353e-05,0.00089451805,0.028551934,0.010941792,0.0216318
20180105-095506-2.jpg,8,8,0.0006517304,0.0012662264,0.0071973437,0.00062349834,0.0043185027,0.00096549833,0.068316221,0.0013329807,0.91532815
20180112-093144-2.jpg,8,8,0.0010288826,9.5758369e-05,0.00065675791,0.0028232681,0.0002596796,0.00010021322,0.00060542161,0.00099103909,0.9934389
20171025-100834-1.jpg,3,3,4.3439399e-05,2.4306877e-07,7.5715877e-07,0.99955755,6.4166336e-05,4.3921212e-08,5.4235461e-08,6.5060585e-06,0.00032722726
20171109-085329-2.jpg,5,5,0.0010803908,0.0013121302,5.6649198e-05,0.0033576889,0.00010504858,0.77302414,0.00066386163,0.0002964593,0.22010368
20170920-112901-3.jpg,2,2,1.3172767e-05,6.5613849e-06,0.99812597,5.2993433e-05,0.0014165193,3.1187476e-05,7.4825643e-05,5.4649167e-06,0.00027328951
20170728-125333-2.jpg,4,4,0.0010916698,5.5692228e-05,0.00071389385,0.0023523793,0.98451102,0.00015954531,8.7791144e-05,0.0013954242,0.0096325967
20171025-091214-2.jpg,3,3,0.011112571,0.001073343,0.070928901,0.78165942,0.10314535,2.6274756e-05,0.00021595544,0.015907479,0.015930559
20170404-153544-0.jpg,7,7,0.0065709818,0.01927148,4.3119694e-06,0.00013133918,5.6809863e-06,4.6667436e-05,0.0012617789,0.9633407,0.0093670432
20180112-080336-1.jpg,8,8,0.00028381773,0.0012117758,0.0030972271,0.0013441852,0.00083958433,0.00012337389,0.00059324666,0.00040924593,0.99209762
20170217-113901-0.jpg,0,0,0.99306071,0.00012656265,8.8430318e-07,5.5111337e-07,5.2533676e-07,0.00072689209,4.8421454e-05,0.0052842,0.00075137289
20171025-075747-2.jpg,7,1,0.0088761933,0.67744762,0.00012052048,0.0010470287,4.2249616e-05,4.7449819e-05,0.0020577079,0.30342591,0.0069353827
20170727-120502-3.jpg,4,4,0.0021401192,0.00011518216,0.019062338,0.00095758162,0.83701211,0.0016866637,0.00042144742,0.0034256163,0.13517892
20171109-093745-1.jpg,5,5,4.3938537e-05,5.0771465e-05,1.6324719e-05,9.6648382e-06,4.8295879e-06,0.99865425,0.0010186927,2.503287e-05,0.00017645248
20180119-112817-2.jpg,8,8,0.01168911,0.043881513,0.00012528301,0.046725094,0.0008697696,0.00085174409,0.00080141873,0.027617441,0.86743867
20180109-103711-1.jpg,8,8,0.13642044,0.0097368127,0.198734,0.032968845,0.1047154,0.0018397816,0.0034754248,0.14200306,0.37010616
20180109-104015-2.jpg,8,3,0.02528473,0.0015895956,0.0054950099,0.47955993,0.15525521,5.6048906e-05,0.00013238283,0.030055704,0.30257133
20171220-094747-2.jpg,8,8,3.9486687e-05,3.5604731e-05,6.0500855e-07,2.6476961e-05,2.6128332e-06,6.149042e-05,0.00026396397,2.3235132e-05,0.99954659
20180119-104800-1.jpg,8,8,0.0034242508,0.0010640189,0.00026838729,0.004471573,0.0057635689,5.2785068e-05,0.00060437061,0.0088071534,0.97554386
20170811-100750-2.jpg,0,0,0.78546453,0.0022339509,3.6752448e-05,0.00013322799,0.00015985315,0.0094208652,0.00054977176,0.19710198,0.0048990743
20180322-102900-2.jpg,8,8,0.0013181106,0.00057306152,8.6536769e-05,0.00080197584,0.0067860684,0.00049371441,1.9852308e-05,0.0009448913,0.98897588
20171109-070740-1.jpg,5,8,0.0256663,0.0015048648,5.6244189e-05,0.00038828762,0.00013811028,0.11796226,0.012417486,0.0072726104,0.83459377
20170715-164442-1.jpg,1,1,0.00022027525,0.99907219,8.8847526e-07,8.7856188e-06,8.2645448e-07,1.9423645e-05,0.00017713646,7.9697726e-05,0.0004208606
20180112-094433-2.jpg,8,8,0.026005523,0.001199641,0.0015254684,0.0028714386,0.0049772365,0.00012922089,0.00033069699,0.016797159,0.94616348
20180125-091510-2.jpg,8,8,1.9002284e-06,9.7108614e-07,1.3050318e-06,1.7878714e-06,5.9355418e-05,8.0244865e-07,0.00010309336,1.5097197e-06,0.99982917
20170727-162617-1.jpg,4,4,3.2219654e-05,3.4236723e-07,2.4896088e-05,0.00018768257,0.99859971,1.8917993e-07,1.1753867e-07,9.1030073e-05,0.0010637334
20180109-080657-2.jpg,8,8,0.0021525198,0.00061949214,0.066773184,0.00021016815,0.084909499,0.00086594181,0.0058282665,0.0012924428,0.83734846
20180322-113845-2.jpg,8,8,0.00014244809,0.001129546,3.7073858e-07,6.9661553e-05,3.7268481e-05,0.00032521633,0.0014567472,3.0062236e-05,0.99680859
20170714-112727-2.jpg,1,8,0.0077144145,0.035805736,0.00021440601,0.0078548202,0.0022049409,0.0030953225,0.003536507,0.010708255,0.92886567
20180105-093213-2.jpg,8,8,6.6972127e-05,0.002124999,0.017579382,0.00013650981,0.00017810571,0.00047850702,0.027978469,9.5646203e-05,0.95136136
20170920-095541-2.jpg,2,2,3.8777329e-05,0.00012570962,0.99445736,7.8826954e-05,0.00034925065,2.3240793e-05,0.001097921,1.0545068e-05,0.0038184046
20171205-144118-2.jpg,8,8,0.0012762136,0.00020891472,7.5381562e-05,0.0014972775,0.00013226445,0.22109106,0.00012533752,0.0016213101,0.77397233
20171109-095523-3.jpg,5,5,0.0036702403,0.00017529185,4.055124e-06,5.6221517e-05,7.0793476e-06,0.9766506,0.0069311056,0.0075920555,0.0049134721
20171109-085703-2.jpg,5,5,0.0002046161,0.00036261184,5.8233027e-06,0.00039420271,1.3856026e-05,0.70809263,0.00062727364,0.00025960189,0.29003936
20180119-104747-2.jpg,8,8,0.0077805556,0.012384011,0.00024193601,0.011541611,0.0031573593,0.00057178416,0.0027445876,0.02496122,0.9366169
20180112-072620-2.jpg,8,8,0.04854919,0.0025834595,0.016900437,0.0043525426,0.040947415,0.0006071509,0.0082548,0.045388673,0.83241624
20171212-094724-1.jpg,8,8,5.1518931e-05,0.0001207733,5.5986476e-08,0.0011470109,3.7497355e-06,0.00018937317,3.3084565e-05,3.3658362e-05,0.99842072
20161207-145147-0.jpg,0,0,0.32795566,0.1639979,0.0027149508,0.0022794451,0.0040079663,0.027424747,0.001831279,0.24440236,0.22538561
20170128-102558-0.jpg,8,8,0.0030907763,0.0097112255,6.6981956e-05,0.0025791137,0.00028287218,0.00066902413,0.00081924949,0.0038721773,0.97890866
20171102-115858-1.jpg,2,2,0.029021049,0.0016669619,0.92662054,0.0020911356,0.0041345772,0.010424625,0.0006204691,0.0028669359,0.022553628
20180119-114026-2.jpg,8,8,0.013595303,0.02452917,0.0021612896,0.015691726,0.001851554,0.0016081112,0.0074819676,0.056646638,0.87643415
20171220-082827-2.jpg,8,8,0.021517836,0.0010713518,1.2030761e-05,0.00031976207,0.00065421191,0.004442587,0.0002759475,0.0069685942,0.96473777
20170913-110131-2.jpg,3,3,0.0056933286,0.00078236219,0.0045495965,0.7924149,0.06309095,0.094596721,0.0038664397,0.00090828462,0.034097418
20170913-123428-3.jpg,3,3,0.056026086,0.062578142,0.00088898954,0.35071391,0.0060449527,0.0044665728,0.00081181875,0.18345387,0.33501565
20171212-095418-1.jpg,8,8,0.0012433747,0.0082579115,1.3976085e-06,0.0028198739,0.00011327303,0.00051380566,0.00010367085,0.00075766718,0.98618895
20171109-090420-1.jpg,5,5,0.018680567,0.0042257509,3.1544439e-06,0.00052583823,2.5603673e-05,0.66194063,0.0030100862,0.11187821,0.19971013
20180109-100704-2.jpg,8,8,0.0031140938,0.0038949586,0.0011959152,0.0084713725,0.0074252416,0.00047366551,0.0025549915,0.006738944,0.96613073
20171218-121940-2.jpg,8,8,0.00010155443,0.00070020481,5.19382e-06,3.8509264e-05,2.3350056e-05,4.3859753e-05,0.001019944,6.2206273e-05,0.99800509
20170727-134825-1.jpg,4,4,0.0010840393,0.00020490399,0.0014291139,0.0032061031,0.93483686,4.5990608e-05,0.00044186998,0.0065560089,0.052195128
20180112-082251-1.jpg,8,8,0.013817837,0.003091248,0.00020432845,0.0085899038,0.0017940344,0.00025247323,0.00081373769,0.012981401,0.95845497
20180109-075422-1.jpg,8,8,0.00015337573,1.2174055e-05,0.0090715913,0.00013022963,0.0053582885,0.00013008738,0.0012225836,2.2655177e-05,0.98389906
20171220-093549-3.jpg,8,8,0.015069202,0.023445331,0.001842733,0.0082673589,0.0064977352,0.011605592,0.0044536279,0.033548255,0.89527035
20171109-072039-1.jpg,5,5,0.24802366,0.022320047,1.3083566e-05,0.00028575707,3.5931749e-05,0.33828655,0.0061638113,0.046816047,0.33805507
20180119-105030-1.jpg,8,8,0.0046065329,0.0033064729,0.00011303613,0.00040466595,0.00029401749,0.0049665659,0.06365294,0.0028408852,0.91981471
20170913-123102-1.jpg,5,5,0.0016934532,0.00088134222,0.0034257632,0.18271373,0.047409322,0.71503979,0.0063352934,0.00049251143,0.042008728
20171025-171914-3.jpg,3,8,0.0028218976,0.00033033121,0.0020606753,0.13011907,0.40817672,2.6531354e-05,0.00040138664,0.03753062,0.41853285
20180112-072323-1.jpg,8,8,0.0022273064,0.0014057376,4.0861469e-05,0.0019286661,0.023341909,2.6178339e-05,0.00024112004,0.010644632,0.96014357
20180105-093909-3.jpg,8,8,0.001189178,0.0041909632,0.018810952,0.0022001483,0.017834438,0.00055547222,0.09096045,0.0010509812,0.86320746
20180322-131210-1.jpg,8,8,0.00064547214,0.00027782813,4.7369871e-05,0.0024954458,0.1810146,2.899293e-05,0.00018819993,0.0020573414,0.81324482
20171102-100219-2.jpg,4,8,0.02161737,0.0053224107,0.032853995,0.14841306,0.09811233,0.00014436642,0.0023728183,0.019984402,0.67117935
20171220-093129-2.jpg,8,8,0.00022809807,0.00038462909,8.8435118e-06,0.0018933543,9.6575699e-05,0.020855043,0.0011077017,0.00073903421,0.97468692
20171217-184528-2.jpg,8,8,0.0056873062,0.0042191939,8.720452e-05,0.027751321,0.0014505133,0.054688472,0.00061555987,0.010055958,0.89544439
20171025-094931-2.jpg,3,3,0.0053172857,0.0017236995,0.0005452492,0.95812339,0.010956355,1.1869775e-05,5.576247e-05,0.0045305784,0.018735861
20170126-095737-0.jpg,1,1,0.0002219443,0.99799734,4.5027852e-07,2.4635092e-05,5.3067515e-07,1.9013318e-05,0.00028255521,0.00055222155,0.00090123026
20170729-092907-1.jpg,4,4,0.00081608706,0.00032882881,0.003603878,0.031375241,0.78920579,0.001081922,0.0003983746,0.0013763761,0.17181353
20180125-092006-2.jpg,8,8,1.6589156e-05,3.3037427e-06,1.1652614e-06,1.5962567e-05,0.00028284942,1.110871e-06,1.234253e-05,1.9229685e-05,0.99964738
20180125-092015-2.jpg,8,8,3.6324102e-05,8.5970778e-06,1.9986708e-05,0.00015082279,0.0037090974,1.290426e-06,4.4234996e-05,6.2270199e-05,0.99596751
20170920-115556-2.jpg,2,2,0.00028553291,1.7091666e-05,0.95730346,0.00044570377,0.022291163,3.8831862e-05,0.00063101575,0.00042368635,0.018563462
20170304-131847-0.jpg,7,7,0.20288603,0.013620659,3.4040968e-05,0.00057625212,0.00021822516,0.020422427,4.4960548e-06,0.74023473,0.022003094
20180322-132124-1.jpg,8,8,0.00020045393,0.00087239954,1.2279654e-05,0.00079915824,0.011622302,1.4715278e-05,0.00031191023,0.0013447545,0.98482209
20171219-113109-3.jpg,8,8,0.0011802446,0.00014604733,0.0001267367,0.01425097,0.01314759,7.9742213e-06,0.00015124977,0.004366131,0.96662313
20180112-102927-2.jpg,8,8,0.0002069191,0.00090814434,0.00062427396,0.00019943216,0.00014398298,0.00056514563,0.022744825,0.00068906043,0.9739182
20180125-094259-1.jpg,8,8,0.00016342834,0.00024937748,2.0392697e-05,0.00036005239,0.004063433,5.0889277e-05,0.00045088565,0.00035363177,0.99428791
20170405-155540-0.jpg,0,8,0.4148944,0.025362957,0.00023352852,0.0015703054,0.0020520655,0.010431521,0.00016324715,0.12094441,0.42434758
20171113-115907-3.jpg,6,6,0.00020669869,0.00078600424,2.2238019e-05,3.914606e-05,1.3177249e-05,0.00011762587,0.99400204,0.0011724202,0.0036406668
20171121-085538-1.jpg,6,8,0.00055354548,0.00025807245,0.00055310613,0.00016617691,0.00065953325,0.0003855892,0.03284888,0.00024261126,0.96433264
20180112-092520-2.jpg,8,8,0.11983442,0.00039496375,1.8932818e-05,0.00021150807,3.6298512e-05,0.00162755,5.7129728e-06,0.032525778,0.84534484
20180105-101323-2.jpg,8,8,0.0010016448,0.0011463453,0.0082756374,0.00035027301,0.0039089439,0.00043377074,0.048760626,0.0011285384,0.9349941
20171212-100123-3.jpg,8,8,4.2735042e-05,0.00015934379,2.1665906e-07,0.00014954952,9.9639556e-06,9.5820778e-06,0.00027453245,8.3945299e-05,0.99927002
20180125-095738-1.jpg,8,8,0.00021663758,4.5694593e-05,0.00011388324,0.00020005456,0.00066898495,0.00098962302,0.01294216,0.00011826961,0.98470461
20171109-092711-1.jpg,5,5,0.00017130031,0.00021842925,1.7188091e-06,0.00029597251,6.9581906e-06,0.93613905,0.00066375639,5.7583165e-05,0.062445216
20180105-093111-2.jpg,8,6,0.00023395164,0.00041103063,0.044363931,6.4499349e-05,0.00068771845,0.00033029477,0.54822123,0.00019761633,0.40548968
20180105-092118-3.jpg,8,8,9.7806596e-06,1.2180953e-06,3.0347769e-06,2.8104544e-06,8.8103752e-06,4.2550669e-06,0.0002339331,2.022357e-06,0.9997341
20180109-075853-1.jpg,8,8,0.0072163832,0.00043744766,0.00011235935,0.00086233037,0.0010697225,0.0057675513,0.00028520721,0.00096492085,0.983284
20180125-094438-2.jpg,8,8,0.00091294077,0.0027287456,8.2038452e-05,0.03977529,0.099386625,2.5233054e-05,0.0010138351,0.012484021,0.84359139
20180109-074653-1.jpg,8,8,3.970742e-06,4.9281571e-06,1.4951665e-05,6.775253e-06,0.00011712322,1.1378001e-05,0.0015277927,3.2151634e-06,0.99830985
20171219-114909-2.jpg,8,8,6.6634893e-05,7.5655204e-05,0.0070152837,0.0015321568,0.0091522988,0.00012897594,0.003297539,7.3308525e-05,0.9786582
20171109-071835-1.jpg,5,5,0.017166656,0.0022684205,3.1567452e-05,0.00040772327,8.1020102e-05,0.88985556,0.0024810988,0.0058754948,0.081832416
20170410-124425-0.jpg,0,0,0.60930783,0.0012557149,3.8163773e-05,0.00018381909,8.3201441e-05,0.0040693604,2.800439e-05,0.19680882,0.18822512
20180105-095357-2.jpg,8,8,8.4132829e-05,2.8506523e-05,0.002711439,2.1850707e-05,0.0003613327,1.5259229e-05,0.0072775288,4.8693739e-05,0.98945135
20171122-101626-1.jpg,5,5,0.0011725454,6.1521525e-05,3.9802489e-06,7.9352423e-05,2.4355464e-05,0.98904335,0.00073627068,0.00016353145,0.0087150764
20180109-074039-2.jpg,8,8,0.01953222,0.032312881,0.00014998311,0.0013504745,7.7473007e-05,0.0076850397,0.014298487,0.01569324,0.9089002
20171218-105016-3.jpg,8,8,0.00064085779,0.0060647544,6.3074469e-05,0.0019336605,0.00092323794,0.00047215712,0.00092643162,0.0018718378,0.987104
20171113-060715-1.jpg,5,8,0.0054172305,0.021837739,0.0001497091,0.0082224151,0.00011491464,0.24011715,0.00082796084,0.0036409684,0.71967191
20170714-150539-1.jpg,1,1,0.00061094144,0.99622619,1.1752065e-06,6.8463865e-05,9.3448983e-07,6.2043032e-06,0.00033641522,0.00020786989,0.0025419155
20170210-134117-0.jpg,0,5,0.22643495,0.040414907,0.00037611389,0.0011231648,0.00054616662,0.4021602,0.0042417981,0.22567283,0.099029854
20180105-100133-3.jpg,8,8,0.00010930812,0.00010648485,7.4225945e-06,5.1927662e-05,0.00062487618,8.7556846e-06,0.00060867309,0.00010846969,0.99837422
20180109-105815-1.jpg,8,8,0.00080534653,0.00030600553,7.4789757e-05,0.0037063663,0.00027838454,0.0011353958,0.00010389929,0.00076682464,0.99282289
20180109-074438-2.jpg,8,8,0.0014653968,0.00034933223,1.1282305e-05,0.00016315123,3.3921093e-05,0.00062303187,0.00057864282,0.0015837224,0.99519157
20180105-104501-1.jpg,8,8,1.0074534e-05,9.5144162e-05,8.3769752e-05,7.8279536e-06,5.4464184e-05,1.5486154e-05,0.0061703944,6.7349379e-06,0.99355608
20171025-073905-1.jpg,3,4,0.0067361174,0.0012321961,8.1801292e-05,0.18716757,0.63983411,1.5279033e-05,1.7875644e-05,0.01808653,0.14682865
20170210-131010-0.jpg,7,7,0.00068050344,0.0011814359,1.2757723e-06,1.9031335e-06,3.1471035e-07,0.00074824615,1.6280779e-05,0.99664271,0.00072731089
20180105-095804-2.jpg,8,8,0.0028967431,0.0017713117,0.039329428,0.00049282378,0.02910386,0.0017153192,0.019350667,0.002978259,0.90236163
20171205-143532-2.jpg,8,8,0.0024682854,0.00020751623,9.5437981e-06,0.0013575596,6.0710288e-05,0.022705128,9.9474077e-05,0.00063373888,0.97245795
20171220-095107-2.jpg,8,8,0.00045627973,0.0066412599,2.494462e-06,0.000980268,9.9867493e-06,0.0023439382,0.060368553,0.0010205148,0.92817664
20180322-113434-1.jpg,8,8,0.020684084,0.0019916936,0.011485587,0.0068991743,0.033933584,0.00084588461,0.00040685313,0.027866544,0.8958866
20171113-131609-1.jpg,6,6,0.00014068023,0.007288747,2.1052998e-05,4.5488527e-05,3.9395545e-05,0.00010621623,0.98206145,0.00030677815,0.0099901799
20180112-080358-2.jpg,8,8,0.015428405,0.012384877,0.00078511296,0.01279203,0.014184666,0.00019069623,0.00076089881,0.093722358,0.84975076
20171220-101720-1.jpg,8,8,0.08234483,0.035867888,3.8195667e-06,0.0011949034,6.2693296e-05,0.018111885,0.0019999132,0.034007624,0.82640654
20171025-095559-2.jpg,3,3,0.00037731745,1.2204448e-05,1.1664751e-05,0.98436987,0.0066795512,1.1481924e-07,1.3157544e-06,0.00014888025,0.0083990498
20170315-085236-0.jpg,8,8,0.0010813226,0.0062851212,4.0834282e-05,0.0072319191,0.0010684618,0.0038360972,0.0046924688,0.0041363547,0.97162735
20180125-092028-1.jpg,8,8,9.7746158e-07,1.3018615e-06,1.045069e-06,7.845766e-06,4.1952109e-05,2.2624212e-07,1.3535637e-05,1.1489151e-06,0.99993181
20180119-115429-1.jpg,8,8,0.019582324,0.013923328,0.0029475656,0.0036257389,0.0028393432,0.0073380899,0.083794221,0.063551739,0.80239761
20171025-081315-1.jpg,3,3,0.0098406281,2.3809278e-05,2.9271279e-05,0.98005247,0.0022437517,2.8580466e-06,6.5486347e-07,0.0005680279,0.0072385757
20170714-110205-1.jpg,1,8,0.0067929309,0.17371574,0.0011851375,0.036395032,0.0059692427,0.00031805687,0.0047072554,0.026408285,0.74450845
20171025-074659-3.jpg,7,6,0.012177909,0.013188336,5.1603693e-05,0.0076674726,0.00020102048,0.011683162,0.42080972,0.3335028,0.20071797
20170906-115139-1.jpg,3,8,0.029578993,0.018627245,0.0023918664,0.14619869,0.15874068,0.00035751468,0.0018037589,0.15412013,0.4881812
20171205-144029-2.jpg,8,8,0.002512686,0.0021892642,0.00012378623,0.0035579212,0.00039565307,0.32156041,0.00087464188,0.00090076367,0.66788501
20171102-100429-2.jpg,4,2,0.00089905417,0.00010335371,0.78809494,0.0026684627,0.16398294,0.00020369214,0.0013011065,0.0015689312,0.041177545
20180322-125323-1.jpg,8,8,0.00067149551,0.00022151809,3.5531833e-05,0.00041419774,0.001252114,0.00093285285,9.5560201e-05,0.00014299704,0.99623376
20180125-094153-2.jpg,8,8,0.00013315667,9.4387424e-06,0.0043633943,6.6060318e-05,0.0049781697,6.8904235e-05,0.0081242993,0.00013025582,0.98212618
20171219-102558-2.jpg,8,8,0.023426306,0.0012545047,0.040522121,0.0057712058,0.048276331,0.0019613041,0.002153571,0.011523158,0.86511147
20170727-120034-3.jpg,4,4,0.0014542685,1.9693774e-05,0.08684244,0.0010243822,0.88325971,0.00078652106,0.00069178548,0.00058646098,0.025334693
20170906-112746-2.jpg,3,4,0.0037691218,8.5085376e-05,3.2012962e-05,0.010221596,0.95363116,3.6297777e-06,2.2434226e-06,0.0042215809,0.028033515
20171109-074823-1.jpg,5,5,9.3010611e-05,0.00137511,1.9976578e-06,0.00027515198,1.2311692e-05,0.7431156,0.0031080376,0.00025705987,0.25176165
20170906-113929-2.jpg,3,3,0.0022835569,0.0038358243,0.00012556474,0.79726857,0.012866028,0.00030506484,0.0026002103,0.004843046,0.1758721
20171025-095809-1.jpg,3,3,0.0013848855,7.5147677e-06,3.9758161e-05,0.99170786,0.0014530801,1.5228526e-06,7.8749019e-07,0.00011534694,0.0052891634
20180322-133822-1.jpg,8,8,0.0013795256,0.0039414726,0.011603408,0.045868825,0.018991848,8.405363e-05,0.0021901049,0.0018183265,0.91412252
20171102-100028-2.jpg,4,8,0.00015423122,0.00057594688,4.5233628e-05,0.00099944079,0.0016253836,5.5691685e-06,0.0010077609,0.0002940963,0.99529231
20170920-114548-2.jpg,2,2,1.683648e-05,5.3053363e-06,0.99634439,0.00029538278,0.002172413,7.2918228e-05,5.9851707e-05,1.0892178e-05,0.0010219557
20170728-153247-1.jpg,4,4,0.00041441101,0.00012350873,0.00043001201,0.01827389,0.76771152,0.00066759012,3.8189693e-05,0.00083989371,0.21150096
20170217-115806-0.jpg,0,0,0.91998279,0.005255484,5.6016398e-07,2.8296224e-06,4.5936836e-06,4.2824398e-05,0.00047476438,0.071360864,0.0028753355
20180125-131034-3.jpg,8,8,0.010067868,0.11973941,0.00015410389,0.03808558,0.03484476,0.00062743656,0.0037011893,0.018090064,0.77468956
20171219-100049-2.jpg,8,8,0.00033901245,0.00025418005,3.359057e-06,0.00043203932,6.0637274e-05,0.00047669787,4.7377955e-05,6.6362314e-05,0.99832016
20180119-110641-1.jpg,8,8,0.031465139,0.055230927,0.00013843432,0.0045072245,0.00055277097,0.0026755151,0.0030299781,0.11383849,0.78856152
20171102-093729-3.jpg,4,4,0.036295071,0.0028517903,0.032826271,0.058809221,0.64613986,0.00050702336,0.0023086069,0.053537097,0.16672507
20170811-134357-1.jpg,0,8,0.24462917,0.047658108,0.00033036823,0.0031869863,0.0022425996,0.0018360182,0.0042250473,0.25577563,0.44011608
20180125-133152-3.jpg,8,8,0.021519952,0.35923177,7.2350405e-05,0.020123456,0.0019482173,0.00064024644,0.031993698,0.063300319,0.50117004
20170207-153756-0.jpg,0,5,0.17501497,0.077197745,0.00052076642,0.0002057691,0.00047692555,0.4287149,0.00024674871,0.047590803,0.27003133
20180125-131120-2.jpg,8,8,0.003176969,0.0055169789,0.00044607691,0.0012324292,0.0011845715,6.3178202e-05,0.0015158568,0.0044791382,0.98238486
20171218-115627-3.jpg,8,8,0.00094500632,0.00031690369,1.646996e-05,0.0019069574,3.7003028e-05,0.0011310801,0.0040041017,0.0018858104,0.98975676
20180125-091842-2.jpg,8,8,6.1774808e-05,1.014662e-06,2.3238796e-05,7.915738e-06,0.0041871802,2.7210392e-05,0.0017242405,1.0835774e-05,0.99395657
20170920-095829-1.jpg,2,2,1.9877096e-05,6.2243096e-05,0.99757546,2.607948e-05,0.00074297568,0.00042345005,0.00071909453,1.9718764e-05,0.0004110251
20171219-100758-2.jpg,8,8,0.0016280353,0.0030237678,3.0545772e-05,0.093104616,0.052723318,1.4744272e-05,2.727563e-05,0.0016535715,0.84779412
20171219-110355-3.jpg,8,8,0.0064042034,0.017295618,8.4315514e-05,0.15136535,0.0010306026,0.0020247074,0.0010616223,0.0083844839,0.81234908
20180322-133720-1.jpg,8,8,0.0084783547,0.0047661127,0.00053067494,0.042644288,0.36670336,0.00010063543,4.258901e-05,0.015303168,0.56143081
20171113-145843-1.jpg,6,6,9.602004e-06,0.00063325651,7.0089385e-07,5.3489493e-06,9.9685519e-07,8.9880069e-07,0.99906057,2.5891015e-05,0.00026282805
20180105-093543-3.jpg,8,8,9.7690274e-05,0.00090880244,0.00011944143,0.0007911679,0.00060998398,0.00054818176,0.034406956,0.00067867356,0.96183902
20171220-085108-2.jpg,8,8,0.0071333484,0.0090735331,4.2677886e-05,0.0023981933,0.00017732328,0.058893438,0.045815285,0.00328529,0.87318093
20180105-100226-2.jpg,8,8,4.3634896e-06,8.9997839e-06,0.0003999435,4.4574344e-06,6.9272719e-05,3.4677078e-06,0.0034790998,2.2171539e-06,0.99602818
20170727-162422-1.jpg,4,4,8.26002e-05,4.2672064e-06,3.3320099e-05,0.003813331,0.97475547,1.6943773e-06,2.2797881e-06,0.00019507317,0.021111896
20180322-113755-2.jpg,8,8,0.00028365658,0.00016798887,3.6404513e-06,0.0004160525,0.0037210134,3.3853823e-05,0.00092808675,0.00017198391,0.99427372
20170705-161005-0.jpg,7,8,0.042329282,0.0035717394,0.0021739081,0.046794228,0.23716401,0.00055381941,0.00033893436,0.048828062,0.61824608
20180125-101546-1.jpg,8,8,0.00010281143,7.0926799e-05,1.8915192e-05,0.003521485,0.00010534414,0.00063834421,0.0034018494,4.6045589e-05,0.99209434
20171113-102321-1.jpg,5,5,0.0011607767,0.0034922529,2.714294e-05,0.0015342644,5.1355997e-05,0.88269824,0.00075628154,0.0015748745,0.1087048
20180109-090849-2.jpg,8,8,0.0032141155,0.0091368938,0.0001451297,0.0045774831,0.0022830942,0.00087519654,0.0026572552,0.0088417772,0.96826899
20170714-144338-2.jpg,1,1,0.00099434203,0.9813711,5.5353075e-06,0.00051484961,3.6494897e-05,4.7552949e-05,0.00067578832,0.0063257413,0.010028717
20170129-103041-0.jpg,8,8,0.047652934,0.026472751,0.002526785,0.060382195,0.01153532,0.040795218,0.065672614,0.084607646,0.66035461
20171025-081635-2.jpg,3,8,0.0033931388,0.00054783328,5.6630483e-06,0.11747916,0.019475227,2.2326678e-06,6.4102453e-05,0.0020922462,0.85694033
20180109-095335-2.jpg,8,8,0.042622324,0.00037315156,0.0065132095,0.065238051,0.050959911,0.001139907,0.00012433541,0.012961764,0.82006735
20170704-154408-0.jpg,7,7,0.096750937,0.19039594,1.499073e-05,0.00010258608,1.2615398e-05,0.0027154081,0.00067705917,0.64714742,0.062183067
20171218-103204-3.jpg,8,8,0.00017709263,2.9645827e-05,0.00010035015,0.0011359152,0.0056434204,3.1902571e-05,0.00044057996,0.00061172171,0.99182934
20170913-121615-1.jpg,5,5,0.0022926843,0.00086635072,0.0019305327,0.060831334,0.0026273865,0.90428209,0.00032949625,0.0011552527,0.025684804
20180125-102143-1.jpg,8,8,0.0063454742,0.028226428,0.0003409145,0.0079650553,0.00053427287,0.031325094,0.2068844,0.010537442,0.70784086
20170127-101203-0.jpg,1,1,0.0073308768,0.85792464,0.00028173512,0.00092922297,0.00015864539,0.0035295435,0.085369505,0.0094401548,0.035035599
20170718-131836-2.jpg,7,7,0.021907035,0.02458497,0.00016862398,0.006610937,0.012948316,0.0012501581,0.0081348605,0.89882725,0.025567833
20170727-112520-3.jpg,4,4,0.0015089556,0.00010310924,0.30023715,0.010910894,0.64519328,0.006220683,0.0012996913,0.00047446447,0.034051895
20170920-171408-3.jpg,2,2,2.2864728e-05,1.9815427e-06,0.99540138,0.00027845244,0.0033237461,0.00013225425,2.4217379e-05,3.0174966e-05,0.00078492571
20180322-103605-2.jpg,8,8,0.001509723,0.00091850822,0.00038215611,0.0074645537,0.024617679,0.0002763496,3.7176815e-05,0.0010770881,0.96371686
20171205-134654-2.jpg,8,8,0.0017036286,0.0011319926,1.3987501e-06,0.00081237097,3.0219502e-05,0.00073372497,0.0017013166,0.0026383146,0.991247
20180112-072025-2.jpg,8,8,0.1884708,0.11827667,0.035914756,0.010688522,0.083196573,0.011370595,0.0063180751,0.26387608,0.2818878
20171102-122550-3.jpg,2,2,0.00011637263,2.8147382e-05,0.99467343,0.00041744529,0.00050624961,4.9366095e-05,0.00050646666,7.1747287e-05,0.0036308493
20170718-133003-2.jpg,7,8,0.12358805,0.035733193,0.0074929493,0.069821805,0.027839564,0.0054616178,0.0013823692,0.052247744,0.67643273
20180119-104954-2.jpg,8,8,0.0017269092,0.0029867711,4.6586763e-05,0.004592773,0.00058714848,0.00037772997,0.00022737177,0.0019571581,0.98749745
20180112-093208-1.jpg,8,8,0.00082791882,1.945883e-05,1.9447143e-05,0.00012546318,0.00015865463,0.0004511915,1.3357453e-05,0.00033729142,0.99804723
20170913-104511-1.jpg,3,3,0.0014252376,0.00052987423,8.870232e-05,0.4983795,0.45914963,7.1225666e-05,4.3933371e-05,0.00034183299,0.039970092
20170714-133654-1.jpg,1,1,0.00062426372,0.98922378,5.2100143e-07,0.00043153422,5.3419581e-06,1.8157954e-05,0.0037464858,0.0027168638,0.0032331767
20171113-120222-1.jpg,6,6,6.0549894e-05,0.0010609324,7.0535229e-06,2.423538e-05,4.7055069e-06,0.00059872639,0.95553887,0.00046490057,0.042240053
20171203-174458-3.jpg,8,8,0.002672123,0.021387016,3.59818e-05,0.0039436244,0.00049054303,0.0042229057,0.00026078755,0.0035531819,0.96343374
20180105-094800-3.jpg,8,8,8.6644186e-06,8.6292697e-05,8.0743746e-05,1.5986248e-05,9.3116199e-05,7.1249342e-06,0.0015520684,7.5626044e-06,0.99814832
20170522-123505-0.jpg,1,1,0.01193369,0.61567932,0.0014071921,0.0099983942,0.0015882091,0.036749385,0.012812647,0.040583789,0.26924735
20170727-164318-1.jpg,4,4,0.00010176288,5.7337945e-07,0.00025333744,0.00024002074,0.99632394,1.1604276e-06,8.8952447e-07,0.00011041401,0.0029679534
20171113-134556-3.jpg,6,6,0.0063937902,0.014111089,0.011138725,0.0014102559,0.0024700207,0.0017539056,0.59972155,0.010601686,0.35239896
20180112-092602-2.jpg,8,8,0.030047622,0.0014373993,0.0035185388,0.0017193939,0.0052756341,0.0015053218,0.001414749,0.0095805749,0.94550079
20171121-072742-1.jpg,6,8,0.00017613532,0.0076045808,5.9809179e-05,0.00059697975,7.4899566e-05,4.83068e-05,0.024474388,0.00051308871,0.96645176
20180112-093758-2.jpg,8,8,0.0032277964,2.4185107e-05,1.8596237e-06,1.5035189e-05,1.192263e-06,4.2332107e-05,9.1108581e-05,0.0011494874,0.99544674
20180109-072659-1.jpg,8,8,0.0058311196,0.0016685993,0.0025695211,0.00054569548,0.0016479222,0.0048203985,0.12410011,0.0044273459,0.85438925
20171218-110553-3.jpg,8,8,0.018268602,0.024291113,0.021601493,0.010788061,0.014092481,0.0042800568,0.0018051902,0.01285051,0.89202261
20170727-125859-3.jpg,4,4,0.00017102476,1.5269969e-05,0.00046468381,0.0112547,0.75706798,9.6845048e-05,0.0004428149,0.00039302337,0.2300936
20171113-145131-1.jpg,6,6,0.003375862,0.0079990737,0.0066367802,0.00053244154,0.0025634216,0.0006041344,0.78701055,0.0049702064,0.1863075
20170217-115511-0.jpg,7,7,0.0021094186,0.00036562161,4.5792513e-06,9.7060372e-05,3.7844e-06,0.00073648273,0.0012183615,0.56253797,0.43292668
20180112-091952-1.jpg,8,8,0.0027197779,0.00035589834,6.4778274e-06,7.677143e-05,0.00016407216,6.5692642e-05,0.0001303992,0.0042118938,0.9922691
20180109-095946-1.jpg,8,8,0.025890278,0.00070171308,5.8396923e-05,0.0017242009,0.00078771106,0.00011599801,4.6610465e-05,0.012114435,0.95856071
20170707-110656-0.jpg,7,7,0.052788526,0.002550008,0.00016374887,0.015093962,0.027095903,9.7361597e-05,4.5482611e-05,0.86898488,0.03318011
20171203-170858-3.jpg,8,8,1.9377369e-05,8.3788018e-06,2.7534579e-06,4.2737224e-06,6.2255785e-05,3.4136185e-06,2.164051e-05,9.0150606e-06,0.99986875
20180125-132343-2.jpg,8,8,0.014522296,0.0080294479,0.00033660166,0.0037162788,0.0010510224,0.0026251927,0.0011730449,0.010289216,0.95825684
20180119-114449-1.jpg,8,1,0.0035439855,0.41927674,2.9961926e-05,0.0016846209,6.8962625e-05,0.00026300058,0.21383598,0.0036189612,0.35767773
20180112-101001-2.jpg,8,8,0.25665089,0.011119432,0.00058450032,0.00060647679,0.00059473905,0.0043162745,0.00036190904,0.03501004,0.69075578
20170906-110809-2.jpg,3,4,0.0040795594,0.00064299849,0.0081682196,0.043027613,0.87796003,3.3561621e-05,0.00014334975,0.029432407,0.036512136
20180105-103649-2.jpg,8,8,0.00074013416,0.0012475449,0.0027198193,0.0016994284,0.01412597,0.00055637548,0.012893282,0.0028698321,0.9631477
20171203-164941-3.jpg,8,8,0.0091209244,0.018691938,0.00023785852,0.041548852,0.0057761273,0.0010336553,0.00082269975,0.035011888,0.88775611
20180322-104029-1.jpg,8,8,7.1423587e-05,2.156681e-05,3.4063692e-06,0.00010616295,0.046555299,1.295024e-07,1.3496043e-06,0.00013342295,0.9531073
20171219-101744-3.jpg,8,8,0.016931454,0.018378843,0.00011284093,0.0047554472,0.0009760778,0.0041086846,0.00046011049,0.027646679,0.92662996
20170410-154255-0.jpg,0,8,0.093335629,0.037403509,0.002871054,0.018799402,0.031197686,0.010725414,0.0019887856,0.2269396,0.57673895
20171113-120024-1.jpg,6,6,0.00041366043,0.015862012,0.00057111523,0.00036989563,0.00017349867,0.0057732183,0.94176704,0.0017089038,0.033360686
20170217-100235-0.jpg,7,7,0.074339464,0.00099144271,4.9243718e-05,4.0863699e-05,3.0006091e-05,0.00012791023,0.0033653306,0.91664231,0.0044134967
20180112-071548-2.jpg,8,8,9.0792491e-05,6.0444563e-05,0.00064293254,0.00033661613,0.025303645,2.5859674e-05,0.0017540872,0.00011795149,0.97166765
20170811-131105-1.jpg,0,0,0.99362952,3.5426412e-05,2.460408e-06,2.1960622e-07,4.2976908e-06,0.0016002802,5.6913359e-07,0.0043061613,0.00042111575
20170906-113428-2.jpg,3,3,0.0040755025,0.016614655,0.00011628021,0.49550569,0.16172865,4.160008e-05,0.00030043579,0.01988985,0.30172732
20171025-090420-1.jpg,3,3,0.017659115,0.010389874,0.00099203247,0.81675947,0.0066005508,1.6844127e-05,0.0010774886,0.13512206,0.011382584
20170706-112654-0.jpg,7,8,0.022773219,0.037388328,0.00048061961,0.013625201,0.016926501,0.001003603,0.0013970757,0.34547585,0.56092954
20180112-092509-2.jpg,8,8,0.0088898838,1.7967222e-05,0.00032356658,7.0628601e-05,0.00060273526,0.00022606993,1.124419e-05,0.00077149336,0.98908651
20180105-101155-2.jpg,8,8,1.329942e-05,7.0362446e-05,2.844336e-06,4.558322e-05,0.00011038995,2.2316008e-05,0.00092067546,1.8605508e-05,0.99879599
20171102-122856-2.jpg,2,2,1.2729589e-05,4.5987804e-06,0.99897742,1.6180238e-05,0.00079830165,8.1430917e-06,1.0610368e-05,1.7946026e-06,0.00017034974
20180125-100745-2.jpg,8,8,0.00010139673,6.0245347e-05,0.0029494152,0.0011141942,0.0014619494,0.01576807,0.034776617,1.5486383e-05,0.94375259
20170920-180912-1.jpg,2,2,0.00038368243,3.3651842e-05,0.93369645,0.00041182907,0.050497394,0.00025282151,0.0011864557,0.00017379748,0.013364078
20170913-102124-1.jpg,3,3,0.0028352449,0.00055338815,0.00062042178,0.69967067,0.015261396,0.2055911,0.0010087241,0.00033140444,0.074127726
20171203-172058-3.jpg,8,8,0.00067811942,0.0011741428,2.1338726e-06,0.001521198,1.1703573e-05,0.00027762659,0.00083611056,0.0019381314,0.99356091
20171217-183625-2.jpg,8,8,0.0216417,0.0003256599,3.18858e-05,0.00064479344,0.00024857343,0.012509074,0.00014170799,0.0017069203,0.96274954
20171203-165343-3.jpg,8,8,0.013154514,0.021423381,0.0020461802,0.0055714757,0.0071464833,0.0058890856,0.0014691935,0.014697036,0.92860276
20170714-112128-3.jpg,1,1,0.00023021408,0.97467822,3.2926646e-06,0.00016492121,7.1922523e-06,5.8252076e-06,0.017602075,0.0048219641,0.0024864404
20171113-133059-3.jpg,6,6,0.00017390115,0.00050108589,3.2357522e-05,2.8663839e-05,8.1083614e-05,4.377279e-05,0.9907003,0.000582796,0.0078559825
20171102-094016-2.jpg,4,4,0.0084651206,0.0029299071,0.00090931967,0.31828037,0.54648781,3.6678852e-05,0.00012054688,0.020817578,0.10195268
20170127-102411-0.jpg,1,1,0.0047024568,0.98798722,3.8033866e-06,3.4171546e-05,4.3652644e-06,0.00014604679,0.0027821476,0.00062137633,0.0037185466
20180322-132617-1.jpg,8,8,0.00065874908,0.0015516692,1.0613426e-05,0.015824655,0.036381431,8.6438831e-06,2.4933526e-05,0.00065316499,0.94488609
20170315-084914-0.jpg,8,8,0.00064727652,0.0025070123,2.7471326e-05,0.0048476825,0.00094495306,0.00032297612,0.0022573583,0.00070333603,0.98774207
20170913-102124-2.jpg,3,3,0.00018521657,2.7692902e-05,0.0001402998,0.88811046,0.093039565,0.00079575583,9.3376155e-05,1.963294e-05,0.017588114
20170920-185416-1.jpg,2,2,0.00010915858,2.0177256e-05,0.94031519,0.0012698298,0.033080786,0.00012492949,0.00037233194,9.9187768e-05,0.024608256
20171219-105822-3.jpg,8,8,0.019338332,0.014360519,0.013885474,0.033802032,0.15589194,0.0020828713,0.0091331368,0.33301771,0.41848797
20171113-102155-3.jpg,5,5,0.0084813088,3.3434946e-05,1.6273056e-07,1.5810971e-05,1.6042843e-07,0.98955709,4.582997e-06,0.00064339006,0.0012640577
20170217-095312-0.jpg,7,7,0.0081781698,0.0041356641,2.3296456e-05,6.6307541e-05,1.225022e-05,0.00015184694,0.012186621,0.92929536,0.04595042
20170728-122555-3.jpg,4,4,0.00049600645,2.0674977e-05,3.8801758e-05,0.0065179146,0.98656172,3.7797046e-05,4.1064336e-06,0.0008470692,0.0054759136
20180112-074614-2.jpg,8,8,0.048747059,0.017450368,0.00042323471,0.06922628,0.0018839738,0.00038015618,9.5680458e-05,0.031237476,0.83055574
20170811-102345-1.jpg,0,8,0.021833725,0.015098383,0.0048900205,0.014376882,0.32531315,0.00072480924,0.030830948,0.034911312,0.55202067
20170811-130615-1.jpg,0,0,0.96398026,0.0014756606,1.8913978e-06,6.1113669e-06,1.1758676e-05,5.5493463e-05,0.0010038669,0.033320453,0.00014464406
20180119-104600-1.jpg,8,8,0.0017730168,0.00066707499,0.013583571,0.00044871186,0.03113074,0.00035185754,0.015911402,0.0023925649,0.93374103
20170913-104050-2.jpg,3,3,0.00035231371,5.9504502e-05,6.1040118e-05,0.96738839,0.001536674,0.021204343,0.00027900308,2.7228263e-05,0.0090915654
20170705-162153-0.jpg,7,7,0.060930423,0.097326174,0.00024783518,0.0011159366,0.00078808895,0.0024857312,0.0050132475,0.6601603,0.17193228
20180125-135642-3.jpg,8,8,0.0051031387,0.02061753,0.0001692512,0.0030254826,0.011071865,0.00019729734,0.00049341674,0.010741275,0.94858068
20170210-132220-0.jpg,0,0,0.42999831,0.0029782243,0.00067425112,0.0061458456,0.00083973195,0.020823518,0.0017307674,0.285377,0.25143239
20170714-120008-1.jpg,1,1,0.00040497282,0.99798703,1.9190021e-07,1.0820474e-05,1.5411398e-07,4.7947065e-06,0.00013272926,0.0011086914,0.00035064123
20170501-144912-0.jpg,8,8,0.030987961,0.072400898,0.00039013906,0.13203771,0.0011611079,0.002199776,0.0016226009,0.13948126,0.61971843
20170126-095837-0.jpg,1,1,0.0035808051,0.97414851,0.00024209156,0.00069333776,8.6561282e-05,0.0013309285,0.0016551531,0.0068463176,0.011416352
20180109-094902-1.jpg,8,8,0.0086539667,0.000276195,0.00021798664,0.066619426,0.027139863,7.3497533e-05,0.00016760208,0.0098697003,0.88698167
20180322-130742-1.jpg,8,8,0.0055338168,0.0030002813,0.00013531338,0.021089917,0.026820028,0.00033654153,0.00014069736,0.004364179,0.93857932
20180109-091943-2.jpg,8,8,0.026809121,0.00049541419,2.6829566e-05,0.00018788029,9.8533856e-05,0.0010114597,0.024821118,0.0051620961,0.94138759
20171220-090155-2.jpg,8,8,0.0022759098,0.0030786672,0.00012898981,0.0022757114,0.00097080576,0.00025553236,0.00066829455,0.0027240177,0.9876222
20170217-143520-0.jpg,7,7,0.055751801,0.00027625725,5.0929998e-06,2.5313282e-05,2.1689419e-05,0.00033409407,0.0026863602,0.93547004,0.0054293564
20170718-095128-2.jpg,0,4,0.062287372,0.0018115365,0.19521084,0.13754223,0.26882982,0.013977389,0.0020736752,0.067265272,0.25100186
20171102-103056-1.jpg,2,2,0.0024172424,0.0010917149,0.97514886,0.0059897942,0.0078367405,0.00034707435,0.00013807126,0.0020083857,0.0050219363
20171220-100216-2.jpg,8,8,0.00089403533,0.0026677819,2.4391709e-05,0.054956056,0.00011644372,0.020116637,0.00016428495,0.00074886007,0.92031157
20171218-110217-3.jpg,8,8,0.0029847173,0.0099874213,9.0595876e-07,0.00068831397,2.4053596e-05,0.0018346838,8.4563835e-05,0.00085574441,0.98353946
20171025-093900-3.jpg,3,2,0.066750668,0.0031508529,0.3395603,0.16711402,0.16714856,0.002212629,0.0020391042,0.028068494,0.22395544
20171102-115337-1.jpg,2,2,3.5782907e-06,1.1378625e-06,0.99977046,9.8780889e-05,3.6130979e-05,4.4530279e-05,3.1403879e-06,4.6476924e-07,4.1790179e-05
20170920-155912-3.jpg,2,2,0.00011912963,9.7953698e-06,0.99237978,0.00047815961,0.0052986257,0.00010415097,4.9062022e-05,9.8817516e-05,0.001462625
20180125-132229-2.jpg,8,8,0.02021517,0.094233349,0.000333137,0.00757288,0.003484668,0.0010189336,0.0028010588,0.051481549,0.81885916
20170728-155132-1.jpg,4,4,3.6630972e-05,8.7270905e-07,0.00016844479,0.00011593879,0.99177176,3.0358167e-06,1.1371736e-06,2.9601928e-05,0.0078725647
20171122-101924-1.jpg,5,5,0.090593219,0.019417414,3.0115505e-05,0.00046354259,7.7012286e-05,0.68333691,0.081196994,0.023292899,0.10159186
20180125-093418-2.jpg,8,8,0.00011340486,0.0002074317,1.037037e-05,0.0010301877,0.0020145047,5.0439639e-06,4.0263702e-05,0.00012902681,0.99644983
20171219-105614-2.jpg,8,8,0.017407849,0.017456017,0.0028533691,0.07739947,0.032334715,0.084007911,0.017589822,0.0046620904,0.74628884
20180109-073157-2.jpg,8,6,0.0003317263,0.028905325,9.311123e-05,7.1044677e-05,4.4377204e-05,0.0003877297,0.55440366,0.00061169133,0.41515136
20171212-094107-3.jpg,8,8,0.00075381406,0.00020192926,9.0409221e-06,0.00020071145,7.8099409e-05,0.00017353089,0.00010167051,0.00084813108,0.99763298
20171121-090353-3.jpg,6,6,3.6636615e-05,0.0079284888,1.5136987e-06,7.3962942e-06,1.7263061e-06,0.00010311844,0.99129373,0.00040750368,0.00021991006
20180112-070725-2.jpg,8,8,0.0053618355,0.00061140518,0.0005918633,0.0017026387,0.16490592,0.00010915895,0.00075260724,0.0071400651,0.81882459
20180125-092822-2.jpg,8,8,9.7235948e-05,8.6804044e-05,1.187986e-05,5.3145504e-05,0.00039824177,7.3934584e-06,0.00055815169,9.4035931e-05,0.99869317
20180112-072137-2.jpg,8,4,0.0088684615,0.00037596718,0.00045204136,0.0016114551,0.7833637,1.3357151e-05,8.7033135e-05,0.032973986,0.17225401
20180322-112403-2.jpg,8,8,0.0011605154,6.1672421e-05,0.00027716474,0.00016351862,0.070147067,8.647602e-06,1.066903e-05,0.001806781,0.92636395
20180112-075900-2.jpg,8,8,0.023902867,0.027371559,0.003300101,0.0018505455,0.017124984,0.00094547623,0.0059956103,0.21867093,0.70083791
20180109-075317-1.jpg,8,8,0.0003046999,3.4429318e-05,0.017235318,0.0003566732,0.0084025189,0.00012346663,0.0063731004,0.00012135137,0.96704841
20171113-155924-0.jpg,6,6,3.9768296e-05,0.00087257073,1.5267902e-05,2.182925e-05,1.1923289e-05,3.0922234e-05,0.9972192,8.7182125e-05,0.0017013169
20180109-100358-2.jpg,8,8,0.0307521,0.041870076,0.046608903,0.17807585,0.12925677,0.0012497623,0.0034699182,0.045784831,0.52293169
20171212-095905-1.jpg,8,8,0.028803015,0.063686803,5.3476492e-06,0.013671404,5.6008714e-05,0.00037018865,1.6733229e-05,0.018250864,0.87513965
20171205-145217-2.jpg,8,8,0.0018332008,0.007219587,0.0060386285,0.00077315781,0.0012635781,0.0011412353,0.0042073787,0.0037639923,0.97375941
20170705-161651-0.jpg,7,8,0.266096,0.0086824577,0.0023135482,0.0063866721,0.043200191,0.014837864,0.00017139952,0.1930469,0.46526486
20170728-120037-2.jpg,4,4,0.00029755197,1.371534e-05,0.0035680661,0.00016293608,0.94838148,5.2548501e-05,2.0350166e-05,0.0002262262,0.04727713
20171203-172251-3.jpg,8,8,1.3425859e-05,0.00019841387,4.4642329e-05,2.1293876e-05,2.5813652e-05,3.1262709e-05,0.016539671,9.4419474e-06,0.98311585
20171113-102257-1.jpg,5,5,0.00094497454,0.0036259484,4.5011675e-05,0.00045768599,8.8468776e-05,0.92718738,0.0078431601,0.0040680952,0.055739205
20171025-081111-2.jpg,7,7,0.1137597,0.0059436038,0.01002551,0.31159067,0.013328673,0.00084219157,0.0023669952,0.44025877,0.10188397
20180119-113809-2.jpg,8,8,0.001750023,0.040269822,5.899316e-06,0.000260965,6.7168871e-06,0.042536017,0.0022187927,0.0020053429,0.91094643
20171113-152255-0.jpg,6,6,8.3666404e-05,0.0036588234,9.3235949e-06,1.3617701e-05,8.9955722e-07,3.6594531e-05,0.99339831,0.0009457703,0.001853071
20170217-113124-0.jpg,7,7,0.0010117784,9.8839097e-05,2.5888633e-07,8.4967434e-07,9.1590231e-08,7.3983021e-05,3.0927658e-05,0.99854666,0.00023654166
20180322-104140-2.jpg,8,8,0.0013704353,0.00020054885,4.6643705e-05,0.00023474504,0.001305937,0.0025118624,7.1058479e-05,0.0017765036,0.99248224
20180109-095936-1.jpg,8,8,0.01940155,0.0015547741,5.0417457e-05,0.0051867366,0.00034036639,0.00021106396,5.9875576e-05,0.0063900766,0.96680528
20171109-092312-1.jpg,5,5,0.000148722,2.7560491e-05,2.2424668e-07,3.8000644e-06,1.6407928e-07,0.99820018,7.1829119e-05,0.00029886788,0.0012485078
20170811-132457-1.jpg,0,0,0.96755445,0.00037829875,6.7360008e-07,2.905384e-06,9.6306087e-07,0.00064290455,2.9201926e-06,0.030075358,0.0013415737
20170715-115848-1.jpg,1,1,0.0019258281,0.98443747,4.432341e-06,1.3689702e-05,4.0456262e-06,3.7057354e-05,0.0097430684,0.0018982007,0.0019361591
20180105-101007-2.jpg,8,2,0.0015848377,0.00047766211,0.52828306,0.0034188367,0.22057012,0.0011518032,0.013832623,0.00033814384,0.23034294
20180322-131925-1.jpg,8,8,0.0045094988,0.0030803608,0.0025211796,0.0044877175,0.026683604,0.0068580857,0.00095343351,0.005336992,0.94556922
20170729-093539-2.jpg,4,4,0.0035983834,0.00021982993,0.0020543281,0.016749175,0.92389995,0.0035102216,0.00040496315,0.0012692477,0.048293944
20180112-091928-2.jpg,8,8,0.056505293,0.00010799525,0.0084493812,0.0018715485,0.013561959,0.00070288428,6.6989749e-05,0.007258751,0.91147518
20170920-191022-1.jpg,2,2,3.5540208e-05,1.6810483e-05,0.99823868,0.00016273349,0.0005890074,2.6011841e-05,6.8975249e-05,3.7932175e-05,0.00082412199
20171113-093016-3.jpg,5,5,0.00085976085,0.00086895184,9.0211222e-05,0.00065839855,0.00024038918,0.82175797,0.04211504,0.0013592305,0.13205001
20180125-093357-1.jpg,8,8,0.00087912759,0.00037483193,5.5955221e-05,0.00055482169,0.0079627139,0.00052130665,0.00070927897,0.00045228112,0.98848969
20171025-075224-3.jpg,3,3,0.0088761756,0.027153384,3.1176289e-05,0.8054443,0.0004321624,0.00030739154,1.8448893e-05,0.0036090964,0.15412797
20170217-100826-0.jpg,7,7,0.005270455,0.0082837259,4.8102658e-05,0.00065335783,8.6971173e-05,0.0017806644,1.9450306e-05,0.9758656,0.0079916371
20180109-101554-2.jpg,8,8,0.00036259045,9.1174479e-05,0.00046158273,0.0004061283,0.00022784331,1.0246687e-05,2.7333179e-05,0.00035015188,0.99806291
20170727-113738-1.jpg,4,4,0.0006617789,5.3561042e-05,0.094516665,0.0039079888,0.74870014,0.00082787796,0.0011971452,0.00062069326,0.14951409
20180109-075135-2.jpg,8,8,1.6539518e-05,5.8339934e-05,0.0068363734,2.3192393e-05,0.00020160156,5.466793e-06,0.0056797373,4.7235812e-06,0.98717403
20170501-144755-0.jpg,8,8,0.017682381,0.068760984,0.00027311686,0.012814203,0.00047146931,0.01076785,0.013731988,0.077986598,0.79751134
20171109-085908-2.jpg,5,5,0.00030052199,3.3312863e-05,4.2664137e-06,2.0302004e-05,2.1025744e-06,0.99912447,0.00022995283,2.8958371e-05,0.00025612119
20180125-093838-1.jpg,8,8,9.4860152e-05,0.00018695011,9.1347374e-07,8.2524224e-05,0.00023529532,6.7378402e-05,0.00086335366,5.1983334e-05,0.99841666
20180125-095610-1.jpg,8,8,0.00056154508,0.01308904,4.5152774e-05,0.0025411083,0.00010676755,0.012546787,0.021555101,0.0016893001,0.94786507
20171113-101853-3.jpg,5,5,0.0001688825,1.0947234e-05,1.0200475e-06,1.3999696e-05,1.4228115e-06,0.99835396,9.5022951e-05,8.9855486e-05,0.0012649571
20180112-092031-2.jpg,8,8,0.0015508065,8.0078156e-05,1.2695096e-05,0.00028734581,0.00013774833,3.5411362e-05,7.3233355e-06,0.00040776754,0.99748081
20170727-171838-3.jpg,4,8,0.018873096,0.05175012,0.011448815,0.016133025,0.14681152,0.025616091,0.086860679,0.02618173,0.61632484
20171113-151910-1.jpg,6,6,0.0044488055,0.01090611,0.038655885,0.00078445731,0.0040090946,0.00099773891,0.46704057,0.0095012719,0.46365607
20171113-061216-1.jpg,6,8,0.00015041033,0.0014457959,0.073983073,0.00015018614,0.00031630186,0.0034564596,0.23715164,9.9736215e-05,0.68324631
20170727-144629-1.jpg,4,4,0.0026725067,0.0007028525,0.019076573,0.0019405981,0.73770124,0.00056838285,0.0064602667,0.0072291237,0.22364855
20171203-172811-3.jpg,8,8,0.02565377,0.13309503,0.00031287846,0.0066909925,0.00083535927,0.030765725,0.020900171,0.077357158,0.70438898
20170704-151247-0.jpg,7,8,0.051572695,0.17683044,6.2451501e-05,0.054415721,0.002286697,0.00057666725,0.0030632322,0.07260444,0.63858771
20180125-093256-1.jpg,8,8,6.211008e-06,5.3588105e-06,6.7791088e-06,2.7115737e-05,0.00054403715,1.0254831e-05,0.00017159195,4.8050224e-06,0.99922383
20170715-164851-1.jpg,1,1,0.00065640977,0.99479657,8.6295404e-07,1.1918122e-05,1.2950003e-06,0.00022550707,0.0029040819,0.00021378516,0.0011895968
20171220-093340-2.jpg,8,8,0.00075074797,0.0057349596,3.2244213e-06,0.0015605926,4.0457908e-05,0.013914677,0.0021107558,0.00047086415,0.97541374
20171212-100701-3.jpg,8,8,0.00074340584,0.001115505,9.3436129e-06,0.02016818,0.00012198269,0.0015627809,0.00035462258,0.00062443875,0.97529966
20170906-114413-4.jpg,3,3,0.0041866065,0.00013691098,0.0012536328,0.94785482,0.030606145,4.5869824e-06,8.5555821e-06,0.0024170766,0.013531697
20170804-131944-1.jpg,0,0,0.924941,0.0039082491,2.0901602e-05,0.00017473046,6.9634138e-05,0.0013719709,0.00022035401,0.043285403,0.026007684
20170501-144018-0.jpg,1,8,0.0084084766,0.12727916,0.00057239778,0.00060009002,0.00021785148,0.021478074,0.090989552,0.053684857,0.69676954
20171220-084046-3.jpg,8,8,0.0080469549,0.00025157383,2.4507664e-05,0.0019952466,0.00045498516,0.018936282,0.0025077867,0.006056272,0.96172637
20170920-113851-3.jpg,2,2,0.00017261424,2.6627522e-05,0.95301014,0.00076019764,0.028891096,0.00041154292,0.00097674492,0.00010659392,0.015644485
20171102-121033-3.jpg,2,2,6.5712426e-05,0.00016586372,0.99350923,0.0001022943,0.00093645736,0.00017612343,0.00017076136,2.9257539e-05,0.0048442543
20171113-133848-1.jpg,6,6,0.00091144285,0.00066707993,0.00091593078,0.00044262825,0.0010687559,0.00017189579,0.94858664,0.003048324,0.044187289
20180105-104711-1.jpg,8,8,2.3330133e-05,0.00026206634,0.00039205721,1.0053494e-05,0.00010759572,4.5489647e-05,0.1882994,2.83842e-05,0.81083167
20170913-103319-3.jpg,5,5,0.0012279351,0.00040110215,0.0053482791,0.034012448,0.0028289871,0.94636023,0.0014330287,0.00027804144,0.0081100129
20170706-113419-0.jpg,7,7,0.057733696,0.043285035,0.00039844829,0.01065692,0.014288682,0.00016549918,0.002145614,0.5352459,0.33608022
20171109-071541-3.jpg,5,5,0.00069422426,6.1136257e-06,3.3534474e-07,2.0412421e-05,1.6346835e-06,0.97914904,0.0024061108,7.1436923e-05,0.017650669
20180109-090543-2.jpg,8,3,0.075105727,0.0018505398,0.00032794377,0.48628277,0.026748039,0.00023567305,5.6532408e-05,0.033101853,0.37629101
20170906-104758-1.jpg,3,3,0.011101996,0.00038848378,0.00010044854,0.7546078,0.19238396,1.5480304e-05,1.0983106e-05,0.0095053669,0.031885441
20171113-120119-1.jpg,6,6,0.0016096708,0.045543548,0.00083486683,0.0053629759,0.0008349577,0.006970474,0.7293449,0.010542164,0.19895644
20170705-165122-0.jpg,7,7,0.084853455,0.046591058,0.0032983101,0.007145144,0.035540398,0.010362819,0.0021102272,0.65013617,0.1599624
20170920-113312-3.jpg,2,2,0.00034483604,2.2164684e-05,0.81246424,0.0013943277,0.17246553,0.00018726378,0.0005912226,0.0005753102,0.011955179
20170913-095836-2.jpg,3,3,0.0025892782,0.00048260152,0.001712071,0.58140707,0.30754492,0.0010552367,0.00066470139,0.00079996511,0.1037442
20170718-100410-2.jpg,0,8,0.061753731,0.25405288,0.0027088993,0.22682342,0.009149191,0.00886699,0.012750453,0.097153835,0.32674071
20180109-070932-2.jpg,8,8,1.5089998e-05,8.9812829e-06,0.0003640569,2.2110901e-06,0.00014216729,5.4584634e-06,0.028446643,2.989413e-05,0.97098565
20180109-103017-1.jpg,8,8,0.0027874873,0.0034257132,0.0013674771,0.0010863621,0.0018174471,0.0015073073,0.0032121332,0.0018892298,0.98290664
20171109-095002-2.jpg,5,1,0.10000794,0.41648662,0.0037401381,0.0023062755,0.002442017,0.12491369,0.064660661,0.17368942,0.11175317
20170718-101956-2.jpg,0,0,0.69053388,0.017558269,4.3128763e-05,0.00029389598,0.00025631019,0.0036631399,0.00092124793,0.19566861,0.091061525
20180109-070037-1.jpg,8,8,0.00080881169,0.010876416,1.80948e-06,0.00012168822,2.9030007e-05,0.0023792416,0.39818135,0.0010440014,0.58655769
20170217-120051-0.jpg,0,0,0.97995776,3.9927017e-05,7.9342244e-06,2.3459439e-05,8.7007375e-06,0.0065303477,2.501368e-05,0.0020554923,0.011351382
20171219-095916-2.jpg,8,8,0.00011853539,0.00072151446,1.6057633e-05,0.00096694712,0.00020930033,0.00015163134,6.8222325e-05,9.5332551e-05,0.99765235
20171113-134247-3.jpg,6,8,0.0010141243,0.011290756,0.34658715,0.0074358019,0.027493203,0.0017288494,0.22476748,0.0048970818,0.37478545
20170610-123533-0.jpg,1,1,0.14321108,0.51285231,1.1751934e-05,5.269087e-05,1.176299e-05,0.00047284772,0.24174559,0.086033523,0.015608553
20171217-103317-2.jpg,8,8,0.17416647,0.005841413,0.00016644444,0.0010961636,0.0002118144,0.021289038,0.0017040514,0.0035017775,0.79202276
20180119-110301-2.jpg,8,8,0.014517512,0.014146332,0.044796631,0.010107469,0.027627779,0.00051861303,0.0033369905,0.033290282,0.8516584
20171203-172202-3.jpg,8,8,7.3406504e-06,8.8096713e-06,9.4423388e-07,8.424473e-06,0.00011874719,1.19056e-07,7.330374e-06,3.1803029e-05,0.99981636
20180125-134614-3.jpg,8,6,0.028882504,0.082515799,0.0015283821,0.011504911,0.023012256,0.00026389217,0.45466173,0.080127545,0.31750301
20170315-084949-0.jpg,8,8,0.023807403,0.042471256,0.00024093423,0.028295342,0.0012171174,0.0010052032,0.0086526526,0.038354922,0.85595524
20171025-095706-2.jpg,3,3,0.00044397957,2.2572754e-06,3.0070611e-05,0.99881077,0.00031883456,2.1401711e-07,7.2387866e-07,4.6024335e-05,0.00034702083
20171205-123820-2.jpg,8,8,0.094284035,0.0048192684,0.0014652298,0.0064441655,0.014030067,0.00096421858,0.00011351681,0.012856419,0.86502302
20171109-093217-1.jpg,5,5,4.6749756e-05,1.3646394e-05,3.8588837e-07,1.4942846e-05,1.7927081e-06,0.99753559,6.8080139e-05,1.1490605e-05,0.0023072006
20180112-092849-2.jpg,8,8,0.0083075082,0.00014683472,1.4106319e-05,8.2426137e-05,0.00010304536,7.8097721e-05,1.5534592e-06,0.0063788607,0.98488748
20170727-170549-1.jpg,4,4,0.00025664171,1.706373e-05,0.002432303,0.0019771052,0.84112799,6.6945254e-06,0.00027608784,0.0026213352,0.15128475
20170315-090727-0.jpg,8,8,0.00051290443,0.0083079105,1.3237865e-05,0.0024477353,0.00021644669,0.0084524537,0.045785356,0.001082283,0.93318164
20170304-130916-0.jpg,7,7,0.0012616721,7.0269889e-05,9.5248583e-07,9.5784244e-06,1.6157172e-07,1.5005119e-05,4.6726298e-05,0.9970541,0.001541549
20171109-091644-3.jpg,5,5,9.8910982e-07,1.7103246e-06,6.8038986e-08,3.6489428e-06,5.5005252e-08,0.99961507,1.9030593e-05,7.155374e-07,0.00035858902
20170920-183139-1.jpg,2,2,0.00013595173,2.768884e-05,0.96921754,0.0025593075,0.024034917,0.00038950585,0.00023892881,0.00010966774,0.0032865326
20170126-100349-0.jpg,1,1,0.0013346894,0.96529996,1.5443809e-05,0.00024851633,1.2204936e-05,0.001927749,0.0013598566,0.0008762303,0.028925385
20170128-103847-0.jpg,8,8,0.014536911,0.014638838,0.021212982,0.089165017,0.042342242,0.00075264374,0.036442555,0.054615583,0.72629321
20170217-121703-0.jpg,0,0,0.40340719,0.024774535,1.6712973e-05,0.0001868439,3.360242e-05,0.0093564522,0.21737255,0.055191919,0.28966019
20180109-071628-1.jpg,8,8,0.0036209845,0.002919921,1.4576461e-05,8.6611974e-05,2.9953997e-05,0.0023163883,0.0085049896,0.00021858634,0.98228788
20170718-101355-2.jpg,0,4,0.012403496,0.0022031318,0.05872792,0.043909468,0.73139888,0.010007754,0.0045052012,0.012112941,0.12473121
20170920-172820-1.jpg,2,8,0.00112433,0.0013684295,0.053694513,0.0010935592,0.0089070257,0.0001294934,0.025356442,0.0012523445,0.90707386
20180112-093459-1.jpg,8,8,0.00080073893,0.00018704648,5.5406534e-05,0.00028287192,0.00034140659,0.00012843691,0.0010364852,0.00038227448,0.99678528
20170304-123621-0.jpg,0,7,0.076649681,0.0034904077,1.7470995e-07,2.1236758e-05,3.4396985e-06,3.2075754e-05,3.0433612e-06,0.91235399,0.0074459156
20171217-103545-2.jpg,8,8,0.065212354,0.080714434,1.7959752e-05,0.0014173407,8.8392313e-05,0.013392987,0.0026446551,0.035102654,0.80140918
20180322-103303-1.jpg,8,8,0.0021087581,0.0006361166,0.00021596912,0.00067765586,0.0049415347,0.00019485486,4.3548418e-05,0.0018396537,0.98934197
20170920-163825-3.jpg,2,2,0.0020225374,0.00051293615,0.92529708,0.0088154562,0.02898792,0.0010101834,0.0010258571,0.0011450333,0.031183019
20170501-144625-0.jpg,8,8,0.028956961,0.037800148,0.00027805596,0.022801038,0.0076059923,0.00066153734,0.00020125342,0.028292703,0.87340218
20171113-132644-1.jpg,6,6,1.8963885e-05,0.0012327174,2.6932224e-07,2.5210657e-06,5.4272442e-07,9.6619601e-07,0.99858785,6.316643e-05,9.3007089e-05
20180109-072451-2.jpg,8,8,0.031167934,0.018009746,0.0038675719,0.0085235573,0.018727351,0.0017745587,0.029727982,0.024163891,0.86403722
20170913-120303-2.jpg,5,8,0.00098833197,0.00046069527,2.6772932e-05,0.0067373612,3.8577957e-05,0.27555564,0.0017867851,0.00037577393,0.71403003
20170210-132421-0.jpg,0,1,0.11332046,0.59342813,0.00070134323,0.0017227293,0.00058995129,0.0031208494,0.080930874,0.12507302,0.081112713
20171025-074248-1.jpg,3,3,0.025906917,0.033299267,0.002831853,0.7809034,0.073858514,9.0663198e-05,0.0002587004,0.038022883,0.044827741
20180125-132730-2.jpg,8,8,0.00035902482,0.0008763044,4.5166591e-05,0.0013950407,0.0014698989,0.0002572927,0.0055952519,0.00081531983,0.98918682
20170714-111525-2.jpg,1,1,0.0019983961,0.97429967,7.0409783e-07,0.00010250827,1.1320377e-06,0.00030446643,0.004843188,0.016806636,0.0016433313
20171220-091629-2.jpg,8,8,0.0074520321,0.019871904,0.00010493575,0.0085092541,0.00079536485,0.16248511,0.0011207685,0.0038288026,0.79583192
20170404-153533-0.jpg,7,7,0.027946144,0.078514814,1.1891294e-05,0.00015463543,1.5647634e-05,0.0023679819,5.219267e-05,0.88692522,0.0040114108
20180109-085317-2.jpg,8,8,0.10604306,0.22574797,0.00058915355,0.013441954,0.0025328442,0.00059258699,0.00019021421,0.30035472,0.35050756
20170705-170149-0.jpg,8,7,0.05632874,0.0098332437,0.0057644038,0.018314408,0.12427904,0.00081426982,0.00028952683,0.40025946,0.38411695
20180105-100314-3.jpg,8,8,0.00090669165,0.00049874798,0.010241244,0.0012367108,0.014204607,0.00082503306,0.036767356,0.00090743904,0.93441218
20180322-121645-2.jpg,8,8,0.0011031254,7.0915557e-05,2.6128961e-05,0.00019306982,0.0002769834,4.2822994e-05,2.4222791e-05,0.00025471952,0.99800795
20180105-093204-3.jpg,8,8,0.00053273706,0.1389513,0.0021523323,0.00037994509,0.00020931635,0.00063009636,0.41495672,0.00081656786,0.44137099
20171203-172701-3.jpg,8,8,0.0017439617,0.014059287,7.9142901e-06,0.0032816278,0.00013818302,0.0004718811,0.00021431863,0.0032068104,0.97687596
20171109-074906-3.jpg,5,5,0.00025569464,0.00066304056,7.1140272e-07,8.604888e-05,3.7325776e-06,0.87585032,0.0098495902,7.8314559e-05,0.11321255
20170811-115153-2.jpg,0,8,0.15275183,0.035052892,6.3450985e-05,0.00087365013,0.00035852974,0.069835618,0.088238008,0.018201593,0.63462436
20180109-095809-1.jpg,8,8,4.8472699e-05,1.7084638e-05,1.3657703e-07,0.00021878621,4.956761e-05,1.3053005e-07,9.3162589e-06,4.717724e-05,0.99960941
20170705-164435-0.jpg,7,8,0.002959575,0.0019029982,0.00029199707,0.13227019,0.16865094,0.00010527566,0.0070430082,0.33252007,0.354256
20180112-071817-2.jpg,8,8,0.0003003219,9.6698321e-05,0.0018800682,0.00030236633,0.039447114,1.2199863e-05,0.0020044032,0.00059645029,0.95536041
20171219-102113-3.jpg,8,8,0.00092562387,0.0012934365,2.0818145e-06,0.004036448,3.3907156e-05,0.0028757509,5.2156567e-05,0.00018594417,0.99059451
20170217-145044-0.jpg,7,7,0.009399672,0.0013963078,1.30533e-05,3.1057854e-05,5.3728627e-06,0.00096793979,0.00079663889,0.98090506,0.0064849164
20180112-081232-1.jpg,8,8,0.0040109372,0.0003314947,0.00024711678,0.00061957998,0.0026824593,4.449844e-05,0.00011960971,0.0088201026,0.98312402
20170714-114758-3.jpg,1,1,1.5234406e-05,0.9999572,6.6115056e-09,1.9492638e-06,2.0148509e-08,5.6644939e-08,5.6674821e-06,1.018605e-05,9.8387927e-06
20180125-132623-2.jpg,8,8,0.0023971384,0.0017260828,0.00012503474,0.0043197917,0.0012525417,0.00023551806,0.00051420782,0.0029797908,0.9864499
20180119-115712-2.jpg,8,8,0.0040477025,0.026446607,7.5242965e-06,0.005946592,0.0002571494,0.0017029726,0.00015581095,0.0051448471,0.9562906
20171113-132125-1.jpg,6,6,0.00050403667,0.0014047938,1.4260916e-05,0.00014442203,0.00012222969,0.00047862297,0.94615966,0.00056637358,0.050605636
20170920-184837-1.jpg,2,2,4.0215753e-05,1.7449936e-05,0.98183388,0.00013815264,0.0079757124,3.7488779e-05,0.00019410612,4.1068113e-05,0.0097220512
20170706-112935-0.jpg,7,8,0.27358329,0.0032151127,0.0092581538,0.030603461,0.22796686,0.032598563,0.00031660611,0.13652052,0.28593749
20180109-100203-1.jpg,8,8,0.0021664782,0.00046097185,3.7489597e-05,0.0026463172,0.0068409722,3.5209552e-05,0.00033328758,0.0028633901,0.98461586
20180112-074323-1.jpg,8,8,0.029352535,0.0069456617,4.5796725e-05,0.00060390832,0.0023008119,1.4543576e-05,0.0013205725,0.2953544,0.66406173
20171025-090101-2.jpg,3,3,0.015093174,0.00012425012,0.00014645954,0.88215166,0.081351712,3.1417807e-05,1.3991215e-06,0.010987416,0.010112519
20171113-151947-1.jpg,6,6,0.00079428882,0.0080233067,1.762489e-05,6.3649932e-05,2.3712088e-05,7.4112533e-05,0.97592157,0.0076887598,0.0073930519
20180125-135322-3.jpg,8,8,6.133617e-05,2.941578e-05,1.7417955e-05,4.1214633e-05,0.00048487465,3.6333045e-06,8.3346495e-05,9.682036e-05,0.99918181
20170129-102300-0.jpg,8,8,0.25042155,0.27338019,0.00023015866,0.030899107,0.00023195254,0.005421557,0.013119099,0.053591006,0.37270543
20170728-120101-2.jpg,4,4,0.00011336496,3.3765989e-06,0.00030518591,0.00055279688,0.97770625,1.605447e-05,5.4546058e-06,3.3530792e-05,0.021263862
20171109-073350-1.jpg,5,5,0.00067992939,0.00010863008,5.2819901e-06,0.00019981652,6.5604158e-06,0.98957694,0.00036974522,0.00059742556,0.0084557394
20170920-190306-1.jpg,2,2,0.00010323537,1.4947128e-05,0.9855327,0.00042954434,0.010906959,5.6723515e-05,0.00031873633,6.8708083e-05,0.0025684894
20171102-104243-1.jpg,2,2,0.0011966865,0.00026641504,0.94526547,0.00465952,0.027562782,6.0396327e-05,0.0010988463,0.0029062985,0.016983554
20171205-144731-2.jpg,8,8,0.00084470265,0.0074368259,4.9205752e-05,0.0031480226,0.00022073674,0.0059415055,0.00036623862,0.00071875012,0.98127407
20171109-073153-3.jpg,5,5,0.0015203791,0.00087924674,2.0451182e-06,0.00010145546,4.390236e-06,0.93678522,0.0072002718,0.0013572518,0.05214972
20171102-123047-1.jpg,2,2,0.00061326771,0.00058977038,0.99458587,0.0012608145,0.00045654553,0.0013032199,5.1125262e-05,7.3620235e-05,0.0010657345
20171219-092908-2.jpg,8,8,0.00016306709,0.000127708,7.7370705e-06,0.0030010683,0.00038781713,0.00042559308,0.00014177922,0.00044640625,0.99529892
20171219-114304-2.jpg,8,2,0.00041101765,7.409697e-05,0.81151909,0.0043809116,0.10238299,3.9337705e-05,0.0030363116,0.00070911908,0.077447049
20171220-090721-2.jpg,8,8,0.015306143,0.016704379,0.011364277,0.088985406,0.12050227,0.0067192949,0.0037415419,0.016359564,0.72031713
20170727-143646-1.jpg,4,4,0.01914767,0.00044149708,0.0017377556,0.12603296,0.62401986,0.026998591,0.0025883247,0.0092431465,0.18979028
20180109-080259-2.jpg,7,6,0.00151065,0.025974348,0.00016446399,0.00037366539,0.00024881371,0.0015642303,0.93051368,0.0058816019,0.033768557
20170714-140428-2.jpg,1,1,0.0020918394,0.94503874,7.7568902e-06,0.0094214641,0.00066901685,3.526219e-05,0.0023490514,0.017816739,0.022570081
20180322-112213-2.jpg,8,8,0.00021018153,8.6762666e-05,6.3735693e-05,0.00033102924,0.00075872487,1.0078664e-05,9.4809366e-05,0.00033226178,0.99811244
20180119-114711-2.jpg,8,8,0.00055756955,4.3815104e-05,2.2343549e-05,7.7205936e-05,0.00015229169,5.9471836e-06,2.0806417e-06,0.00010911378,0.99902964
20180109-105034-2.jpg,8,8,0.0076387306,0.0065556606,0.0089906817,0.029808179,0.0035468084,0.00025656022,0.00035739088,0.014717119,0.9281289
20180109-104716-2.jpg,8,8,0.0037916522,0.0045893919,0.0016623198,0.010904218,0.0069784201,0.00090308278,0.0036846849,0.011078048,0.95640838
20171025-092819-3.jpg,7,7,0.18567297,0.070996381,0.0010909666,0.0037778998,0.00086138147,0.00409141,0.00045985103,0.61676639,0.1162827
20170920-162949-3.jpg,2,2,0.00030674381,5.6967732e-05,0.95724171,0.0016864178,0.033649683,0.00086597959,0.00088511169,0.00013453991,0.0051726457
20170811-134147-2.jpg,0,0,0.85975641,0.00452741,0.00014126928,2.035503e-05,0.00021414123,0.0044627804,0.00010075659,0.021844547,0.10893243
20170811-113635-1.jpg,0,0,0.57628071,0.0011149577,0.00010080866,0.00062911632,0.00067729683,0.36032128,0.0020570213,0.024091305,0.034727495
20170906-111807-4.jpg,3,3,0.04146567,0.0010372942,0.021317165,0.60764217,0.1785855,0.00024362332,8.1145561e-05,0.05714358,0.092483893
20171109-091016-2.jpg,5,5,0.0043064207,0.11734723,2.9511402e-06,0.00010483072,5.284041e-06,0.42769179,0.40766144,0.028042888,0.014837199
20171218-114742-2.jpg,8,3,0.03002399,0.082793131,0.00019099956,0.44329965,0.022531308,0.0003067787,0.00029964387,0.022274716,0.39827982
20180322-113635-1.jpg,8,8,0.0020899354,0.0012114655,2.4908179e-05,0.00061005441,0.00029970406,0.00043756282,0.00048282428,0.0021515661,0.99269193
20180109-075210-1.jpg,8,8,0.00046323496,4.4011827e-05,0.0030407794,0.0027056059,0.072156206,2.1903059e-05,0.0005365127,0.00043803698,0.92059368
20171203-172239-3.jpg,8,8,0.00062298105,0.00054306182,3.2904598e-05,0.00012085091,0.00074213312,4.2042939e-05,0.0002709679,0.0013418292,0.99628311
20180109-075949-1.jpg,8,8,0.00014635817,0.00022257317,0.0011415052,8.5804117e-05,0.00027347219,0.00011436136,0.10838411,0.00027224864,0.88935971
20180109-075506-1.jpg,8,8,0.0012913757,0.00067018188,0.0013078721,0.00022469077,0.0006711345,0.00023509268,0.00023223502,0.0029849799,0.99238259
20180322-105054-1.jpg,8,8,0.0039709215,0.015992103,2.4898174e-05,0.014752631,0.0092682038,0.0023548065,0.00012399524,0.010101992,0.94341052
20180109-075045-2.jpg,8,8,0.0027326467,0.0028056144,0.15637898,0.0020770044,0.05241555,0.00019034593,0.066775151,0.0013703451,0.71525431
20180105-100405-2.jpg,8,8,5.6716373e-05,0.00017772114,0.00037149299,2.7734988e-05,0.00024304161,7.8675563e-05,0.026177112,4.0308012e-05,0.97282732
20170913-124610-1.jpg,5,8,0.018385274,0.32648897,0.0047912416,0.13329582,0.006413924,0.075454235,0.016698789,0.050441377,0.36803034
20171113-140619-2.jpg,6,6,0.0069229458,0.0048670047,0.00025166842,0.00052589347,0.00050794031,0.0017064464,0.96023738,0.0067068585,0.018273801
20180125-093634-2.jpg,8,8,8.3038112e-06,5.1361687e-05,1.2202803e-06,0.00015439698,0.00035883381,2.027585e-06,1.7446975e-05,3.7261765e-05,0.9993692
20170217-095541-0.jpg,7,7,0.013707939,0.0049932105,5.6597513e-05,0.00013208704,3.7728365e-05,0.0025331872,0.051255681,0.69666481,0.23061873
20171218-105311-2.jpg,8,8,0.0012766409,0.019787395,1.6986307e-05,0.00067043287,0.00011274061,0.0077043152,0.00028254816,0.0016145335,0.96853447
20171122-100206-1.jpg,5,5,0.028000398,0.0015296681,9.4712959e-06,0.00078171631,2.7773143e-05,0.83721882,0.013412008,0.0011030213,0.11791708
20171212-100447-1.jpg,8,8,0.0029387563,0.10469829,1.1323121e-05,0.00941425,0.00010748878,0.001268785,0.001596108,0.0028561198,0.87710887
20180119-113326-1.jpg,8,8,0.00049122336,0.0044655115,0.00066429854,0.0013207714,0.00454028,6.0744525e-05,0.0080379397,0.00063494104,0.97978437
20171122-104333-1.jpg,5,5,1.2496192e-06,1.4436879e-05,6.7289792e-09,1.080983e-06,2.2647951e-08,0.99977368,4.8164573e-05,1.6204634e-06,0.00015967105
20170920-100439-2.jpg,2,2,0.00010660598,0.00024138168,0.99274325,0.00020737817,0.0010425675,0.00016418783,0.0013500392,2.4655046e-05,0.0041199992
20171220-100344-2.jpg,8,8,0.003528242,0.038480423,0.00036062323,0.023386469,0.00022157091,0.11101524,0.0058591594,0.0091092326,0.80803907
20171113-115829-1.jpg,6,6,6.7008208e-05,0.0034534656,2.1075771e-06,0.00015454387,2.9381987e-05,1.677229e-05,0.97094327,0.0011117718,0.024221702
20171220-095326-1.jpg,8,8,0.00014631781,0.0013358206,2.3993998e-06,0.0011418875,3.4257002e-05,0.0079423282,0.0011869019,0.00021070265,0.9879995
20171109-093602-2.jpg,5,8,0.021983095,0.078320146,4.7678437e-05,0.0017232996,0.00033893724,0.25204921,0.0033051698,0.0071036168,0.63512874
20170304-132701-0.jpg,7,7,0.12905271,0.022077985,0.00012256262,0.00090780976,0.00015783704,0.0037089058,0.00020959966,0.53823078,0.30553177
20180112-092446-1.jpg,8,8,0.00026488386,1.9541028e-05,2.2765305e-05,0.0039607151,0.00086242781,1.3290312e-05,6.8331516e-05,7.0490714e-05,0.99471766
20180322-102626-2.jpg,8,8,0.0026878726,0.00050977751,4.923292e-05,0.010270773,0.055387966,2.1146421e-05,1.6132517e-05,0.0025245866,0.92853242
20180119-110700-1.jpg,8,8,0.0044342969,0.02054964,0.00080332492,0.0061902367,0.0072492566,0.00026166716,0.0086014261,0.021900883,0.93000937
20171102-093604-3.jpg,4,4,0.0014895148,0.00011575283,0.051972859,0.0095347352,0.77167243,8.8886474e-05,0.00027602911,0.00063601986,0.16421379
20170920-181827-1.jpg,2,4,0.0076955678,0.00015193882,0.0045061777,0.016859921,0.62568229,0.022615211,0.0010512121,0.0012578422,0.32017982
20180109-101102-2.jpg,8,8,2.1139056e-06,1.037083e-05,5.8535397e-07,7.1944623e-06,6.2433679e-07,0.00012738002,0.0012923711,2.8160405e-06,0.99855655
20171109-072625-1.jpg,5,5,0.0076674996,0.025864772,0.0001236252,0.0019195321,0.00019552365,0.48160669,0.3227759,0.0952935,0.064552978
20180109-070905-2.jpg,8,8,1.3747418e-05,0.0025819514,1.0053549e-05,4.9429786e-05,1.8344432e-05,7.4376653e-06,0.017247824,5.3677482e-05,0.98001754
20171220-090301-3.jpg,8,8,0.0023045526,0.0028727951,3.0122141e-05,0.06489218,0.0017621523,0.0026325467,0.00045091286,0.0025528639,0.9225018
20170729-153648-3.jpg,4,4,0.00011726838,3.0487904e-06,1.7228173e-05,0.0045353412,0.84729958,9.0813537e-06,1.105724e-05,0.0002657068,0.14774165
20171109-091647-1.jpg,5,5,6.9063794e-06,1.4403029e-05,9.1061935e-08,1.1152019e-06,5.4392164e-08,0.99931097,0.00043692917,1.1721088e-05,0.00021787689
20171218-111251-2.jpg,8,8,0.041760735,0.0060112351,0.032565977,0.19702688,0.09284547,0.0013694705,0.00047207501,0.044948444,0.58299965
20171219-114543-2.jpg,8,2,0.0016545042,0.00048826897,0.51954085,0.0036200904,0.075875603,0.00012494398,0.012384086,0.0096530551,0.37665865
20171220-095345-1.jpg,8,8,7.9100799e-05,0.0010736017,1.5993506e-07,0.00053351844,3.9456409e-06,0.000244222,6.4104352e-05,0.00012732465,0.99787414
20171212-094824-1.jpg,8,8,0.00054279936,0.00010131697,7.6409569e-06,0.00013000514,0.00038469359,1.3275719e-05,3.8847596e-05,0.0013118081,0.99746966
20180109-095302-1.jpg,8,8,0.00099264819,0.001510619,0.0013989975,0.00072636438,0.0014992399,6.073399e-05,0.0012694729,0.0046160952,0.98792577
20170906-135455-1.jpg,3,3,0.041479528,0.0031926662,0.0072230166,0.5648194,0.058275964,0.00012895005,0.00078832614,0.070216745,0.25387546
20171122-104018-1.jpg,5,5,3.4154829e-05,1.8266294e-06,6.5235e-08,1.321934e-06,1.0148159e-07,0.99983537,5.4018914e-05,3.1846382e-06,6.9860216e-05
20170217-122236-0.jpg,0,8,0.33286008,0.004776007,0.00017049893,0.0018330048,0.00027797415,0.0063747629,0.005953941,0.17661403,0.47113973
20171212-095826-3.jpg,8,8,0.00021873096,0.0027997228,9.2248308e-07,0.010032692,1.9189554e-05,0.00020133345,0.0018654062,0.00078461814,0.98407733
20171102-093237-3.jpg,4,4,0.014177142,0.0019377283,0.0045670634,0.009047077,0.8338486,7.851344e-05,0.00050175359,0.037561826,0.098280236
20180109-101214-1.jpg,8,8,0.00016149481,0.00035494569,7.9368801e-06,0.00018578848,4.5202734e-05,6.8529007e-05,0.0077474797,0.00021543888,0.99121314
20170714-110351-3.jpg,1,7,0.075672641,0.18772355,0.00039868895,0.0013111498,0.0012670991,0.00044006901,0.082636096,0.63051564,0.02003503
20180105-095825-2.jpg,8,8,2.5363232e-05,1.2939208e-05,0.0067837969,6.8201489e-06,0.0010579,8.8456756e-05,0.0048952503,1.1355261e-05,0.98711812
20170906-112915-4.jpg,3,3,0.00054540689,1.813434e-06,1.429642e-05,0.98434341,0.014206292,1.1596114e-07,5.8900394e-08,0.00018543168,0.00070310954
20180109-070652-2.jpg,8,8,0.0061475388,0.022229783,0.021357307,0.039277479,0.15798318,0.0011846471,0.023987219,0.011794459,0.71603835
20170811-111230-2.jpg,0,0,0.47409937,0.014405623,7.3934672e-05,0.0019553429,0.00025972418,0.0039003796,0.035861716,0.31732967,0.1521143
20170210-131737-0.jpg,7,7,0.0010531407,0.0015288732,1.5125073e-05,5.6262848e-05,7.6668121e-06,0.0025583915,0.0053310045,0.95444387,0.035005637
20180112-072445-1.jpg,8,8,0.0038165345,0.0013331557,3.8413355e-06,0.00011728872,0.00015119922,9.4218973e-05,6.4492524e-05,0.010008522,0.98441088
20170630-155323-0.jpg,7,7,0.0099259438,0.015642485,5.9926468e-05,0.00037288514,8.5291678e-05,0.0019625807,0.3480148,0.6140905,0.0098454831
20180105-094800-2.jpg,8,8,6.2448918e-05,9.9723162e-05,0.00049708656,9.17867e-05,0.00047038283,0.00010699561,0.021992778,0.00013218746,0.97654653
20180125-134736-2.jpg,8,8,0.031350225,0.0072124256,0.0011401771,0.028774058,0.19905338,0.00045991069,0.00028764564,0.022730481,0.70899165
20171212-105549-3.jpg,8,8,0.021803172,0.0098861596,0.015267055,0.0411167,0.073014908,0.0012381369,0.0044943448,0.063196607,0.76998299
20180112-092342-1.jpg,8,8,0.0050739641,0.00054726843,5.8228288e-06,0.00054268935,0.00046212054,2.7627511e-05,1.0610972e-05,0.0028516278,0.99047828
20180112-092133-2.jpg,8,8,0.068235204,0.00014536724,0.03372049,0.00046602063,0.070909299,0.0018939009,2.9381114e-05,0.011527601,0.81307274
20170610-122533-0.jpg,1,1,0.19079454,0.71161693,8.328785e-06,0.00014053284,1.0616401e-05,0.00066640956,0.00092178507,0.0083866995,0.08745411
20170405-155807-0.jpg,0,7,0.28825217,0.01376077,3.6367284e-05,0.00037267225,0.00031282811,0.0040269201,4.0372059e-05,0.53704691,0.15615107
20180109-092440-2.jpg,8,8,0.00035571339,1.0004163e-06,4.0340524e-07,3.0660156e-06,2.6512678e-06,2.8555756e-05,2.2135817e-05,3.6910536e-05,0.99954957
20170920-111803-2.jpg,2,2,0.00064149633,7.5467287e-05,0.93417817,0.00069870387,0.050984781,0.00081628509,0.00066539622,0.0011814975,0.010758345
20171219-100707-2.jpg,8,8,0.010230216,0.0031005002,0.00048164837,0.12247175,0.12064735,8.7671651e-06,2.5192754e-05,0.012545655,0.7304889
20180119-110549-2.jpg,8,8,0.010677788,0.0072866757,0.0098014986,0.0058776494,0.0090109389,0.0011948557,0.0096174441,0.012459846,0.93407333
20170217-110700-0.jpg,0,8,0.095232271,0.016376888,2.042648e-05,0.0029126506,3.7576352e-05,0.0039780242,0.00048700071,0.023825768,0.85712951
20180125-094216-2.jpg,8,8,0.0024777711,0.00038951248,0.004524847,0.0072988649,0.018299207,0.00020907479,0.0041420963,0.0022147459,0.96044397
20171102-115858-3.jpg,2,2,0.00021794401,8.7763321e-05,0.98867214,0.0011809367,0.001263367,4.8472451e-05,0.00016269354,0.0002108835,0.008155996
20180109-090722-2.jpg,8,8,0.0018919961,0.0035217665,3.0530289e-05,0.0041047945,0.0010880461,6.1673112e-05,0.00068503985,0.010724925,0.97789121
20170920-184922-1.jpg,2,2,0.00043334195,0.00014195,0.91206974,0.0018874396,0.059833903,0.01135709,0.003317653,0.00010858999,0.010850305
20180112-080947-2.jpg,8,8,0.012379325,0.003209359,0.0015606956,0.026561953,0.014934652,0.0012443507,0.0065525952,0.027432568,0.90612453
20170304-132524-0.jpg,7,7,0.04418575,0.039455239,2.2022561e-05,0.00056085538,1.8128745e-05,0.0032231756,7.7923964e-05,0.79647374,0.11598322
20170522-123416-0.jpg,1,1,0.00057037605,0.99234396,2.0108266e-05,0.00016428168,8.456379e-06,4.7580495e-05,0.00082576327,0.00054491957,0.0054747271
20170920-190943-1.jpg,2,2,0.001930148,0.0006279751,0.57654691,0.0043758885,0.22517848,0.00097321608,0.0089452192,0.0019446705,0.17947759
20171113-122631-0.jpg,6,6,0.0031612699,0.014349121,0.00016980377,0.0016682346,0.00068093155,0.00029804275,0.88765681,0.005606513,0.086409248
20170217-143741-0.jpg,7,7,0.10038762,0.0055964142,0.00010806831,0.00035660589,0.00034591524,0.0012704369,4.1531031e-05,0.81463003,0.077263355
20171220-082412-2.jpg,8,8,0.0036761865,1.2521069e-05,6.261119e-07,0.00048695217,6.025143e-05,0.00056886411,3.0533298e-05,0.003009103,0.99215502
20170729-091954-1.jpg,8,4,0.011334377,0.0016708851,0.0023842459,0.075830258,0.53296202,0.11361761,0.0013153068,0.0061618714,0.25472346
20170217-113132-0.jpg,7,7,0.00076781074,8.2265964e-05,5.3428839e-06,2.2443832e-05,1.3170984e-06,0.00027090005,0.0011896584,0.98217988,0.01548031
20170920-121321-2.jpg,2,4,0.0075112917,0.00025565448,0.37679768,0.054396283,0.41017732,0.00012088384,0.0014801468,0.021270411,0.12799038
20180109-072801-2.jpg,8,8,0.00019948834,0.00096673984,0.00024589349,0.00065031723,0.00043183443,0.00035521187,0.046600994,0.00022022777,0.95032942
20170920-162806-3.jpg,2,2,0.0027742425,9.4990573e-05,0.79156935,0.012038843,0.16895027,0.00036042614,0.00054401864,0.0049230368,0.018744804
20171113-115634-1.jpg,6,6,2.2773858e-05,0.0010220371,5.721439e-07,3.3027284e-06,2.3663827e-06,5.7642642e-06,0.99835652,0.00028224906,0.00030435683
20180119-114649-1.jpg,8,8,0.00074164028,0.0007334663,4.5543715e-05,0.00046351281,0.00012546872,4.1795138e-05,0.0002202301,0.00042081685,0.99720746
20171219-105644-2.jpg,8,8,0.00051350665,0.0007079441,0.0047994009,0.0040306868,0.030599866,0.0011083639,0.00057094806,0.00042493237,0.95724434
20170727-113159-1.jpg,4,4,0.016051257,0.00059510418,0.0096788993,0.019970478,0.57608533,0.2092136,0.0035478997,0.0016186292,0.16323873
20180125-100238-1.jpg,8,8,0.0003118212,0.00045348975,0.0002567443,0.00049755949,0.0012461374,0.00091475405,0.011607954,0.0002023328,0.98450905
20171109-194013-1.jpg,5,5,2.5055324e-05,9.748053e-05,2.5949834e-07,3.3377335e-05,2.5689079e-07,0.99143571,0.00018447076,0.00014371448,0.0080796825
20170217-103631-0.jpg,0,8,0.017088991,0.0019806784,0.00031566489,0.30290398,0.0062706345,0.00028896087,0.0024469476,0.0094770528,0.65922707
20170920-180305-1.jpg,2,4,0.0054986309,0.00086951494,0.035017196,0.0081669707,0.553177,0.26922622,0.0032126177,0.0013047651,0.1235272
20180125-093129-2.jpg,8,8,1.5617308e-06,1.4169741e-06,7.3226275e-08,2.4660649e-06,3.8821167e-05,3.7214403e-07,1.6827602e-05,6.1010928e-07,0.99993777
20171102-122743-3.jpg,2,2,0.0002635284,0.00053870055,0.95388079,0.00032403143,0.0042430172,0.00032155332,0.0016257167,0.00034339214,0.038459096
20171220-084923-3.jpg,8,8,0.0015532018,0.0033842209,9.5599535e-07,0.0006718277,5.7027228e-06,0.0002904929,3.8345483e-05,0.001387864,0.9926675
20170129-102127-0.jpg,8,8,0.0019077844,0.026755063,1.2532954e-05,0.0032479363,2.141705e-05,8.9305307e-05,0.00058938074,0.0012310189,0.96614575
20170811-113755-1.jpg,0,8,0.0055208718,0.00056522182,0.00014720947,0.00033255958,0.0020953398,0.0028679408,0.0042572375,0.0024845642,0.98172897
20170501-142705-0.jpg,1,1,0.00092632126,0.94237304,4.0953787e-06,0.00048965559,1.5380674e-05,0.00019526012,0.0002139361,0.0012005564,0.054581825
20171218-120904-2.jpg,8,8,0.00030277888,0.0040310966,4.6489517e-06,0.0022418676,0.00031536911,0.0012086279,0.0015683818,0.00021644079,0.99011081
20171218-121056-2.jpg,8,8,0.0015643134,0.04780281,1.2289325e-05,0.014951459,0.00040456885,0.0047260746,0.00033460354,0.00087317982,0.92933077
20171102-094317-2.jpg,4,4,0.021298038,0.00023431987,0.0070013329,0.36436787,0.4348819,5.2854171e-05,0.0001402162,0.028094102,0.14392948
20180125-095951-1.jpg,8,8,0.00010498537,8.2058592e-05,0.00011831322,0.00013355166,0.00020183188,9.2124326e-05,0.013738521,0.0001245602,0.98540407
20171109-070638-1.jpg,5,5,0.00066190609,0.00010461715,4.5168148e-05,0.00015859723,6.7374516e-05,0.99239302,0.0018185301,0.00020246957,0.0045482833
20170715-121327-1.jpg,1,1,0.00074830203,0.86481607,3.6378592e-06,3.2377691e-05,3.9921806e-06,4.2781128e-05,0.13330853,0.00031101651,0.00073325355
20171220-082648-2.jpg,8,8,0.0093276948,0.0023440039,1.3065807e-05,0.0015039298,0.00012245457,0.090821877,0.00041867263,0.0070183547,0.88843006
20170127-102812-0.jpg,1,1,0.0080628488,0.9673596,6.0873467e-06,0.0015231079,2.2628519e-05,0.00047804017,0.0002915787,0.011896417,0.010359657
20171212-095739-1.jpg,8,8,0.00092079741,0.0041305688,1.5328595e-05,0.0195197,0.00015109517,0.0015944038,0.00054908812,0.00034367971,0.9727754
20171102-120816-1.jpg,2,2,4.8865395e-06,6.1897987e-07,0.99993861,4.692281e-06,2.660778e-05,3.2664329e-07,2.1910719e-06,8.1728564e-07,2.1287604e-05
20171220-085324-3.jpg,8,8,0.0009506942,0.00062066375,3.472302e-05,0.00037068207,6.955245e-05,0.0045089251,0.011193843,0.0031404207,0.97911042
20171219-105245-2.jpg,8,8,0.0042882096,0.014289426,0.0039254474,0.14531322,0.09892378,0.00026228014,0.0029948633,0.0078408467,0.72216183
20171025-093853-2.jpg,3,3,0.0089811608,0.001964076,0.0043282919,0.88066518,0.01588572,0.00013676453,0.00013399294,0.0092295073,0.078675292
20170129-102040-0.jpg,8,8,0.00091135636,0.0027624683,8.8235456e-06,0.0030069728,0.00012438429,6.7532987e-05,0.00070559821,0.00035442118,0.99205846
20180125-093659-2.jpg,8,8,0.0041668504,0.00064319139,0.0006073988,0.0026630003,0.14681187,0.0015643882,0.0067752907,0.011392362,0.82537574
20171205-144400-2.jpg,8,8,0.00024158096,0.0029233084,1.9678162e-05,0.0023010985,0.00015511898,0.00053734315,0.0002475775,0.00023503334,0.99333924
20180109-090702-2.jpg,8,8,0.0010802066,0.0057053836,0.00075307151,0.0032871426,0.0023610729,0.00042088021,0.010401385,0.0016588167,0.97433192
20180119-113441-1.jpg,8,8,0.029886015,0.045320146,0.0014050651,0.012338933,0.0044927727,0.0039250674,0.0050405231,0.30021611,0.59737539
20170811-124924-2.jpg,0,0,0.61965758,0.013673265,0.00015997668,0.00036435275,0.00069340103,0.0056303502,6.3786836e-05,0.13904543,0.22071175
20170718-102441-2.jpg,7,4,0.043348286,0.013358068,0.010567633,0.14007574,0.43454227,0.0014946895,0.0062132142,0.2402752,0.11012486
20170811-100812-2.jpg,0,0,0.88302493,0.0033296754,3.3024779e-05,4.2771208e-05,4.3457516e-05,0.0010193781,0.00039675436,0.022974228,0.089135759
20180322-115511-1.jpg,8,8,0.0034110229,0.0038753659,4.1705112e-05,0.00087211782,0.0008173688,0.0017477382,0.0019526561,0.0042776368,0.98300445
20170728-122514-3.jpg,4,4,0.00097504794,3.2808002e-05,0.004012445,0.0018088793,0.98425657,5.9026981e-05,4.1855757e-05,0.00087348401,0.007939836
20170729-090812-1.jpg,4,4,0.0054295501,0.00043018442,0.0035778175,0.021630311,0.66927302,7.5627089e-05,0.00011402036,0.0069626202,0.29250681
20171113-122340-1.jpg,6,6,0.00036118063,0.0023811315,6.8908535e-05,0.00017588089,9.6801268e-05,0.00020962401,0.98589712,0.001063833,0.0097454907
20171113-131746-2.jpg,6,6,3.840377e-05,0.0006449974,8.6780352e-07,2.8704521e-06,1.6254396e-06,3.0986562e-06,0.99838448,0.0003859009,0.00053787319
20170729-085707-2.jpg,4,4,0.00014514504,2.6850079e-05,0.00011619622,0.0083244527,0.97365981,6.4506348e-06,7.0877309e-06,0.00033470002,0.017379209
20180105-092727-2.jpg,8,8,0.0026123626,0.0052012722,0.00022746883,0.0019236598,0.00044641393,0.00081811496,0.093737572,0.0026718848,0.89236146
20170913-105631-1.jpg,3,4,0.0019331115,2.9134268e-05,0.00047442602,0.012329731,0.64904732,0.0035119788,0.00029384438,0.00012850792,0.33225194
20180119-105242-2.jpg,8,8,0.050545029,0.15617988,0.01222038,0.079596326,0.31847933,0.00032102998,0.0039043252,0.04586051,0.3328931
20170127-101304-0.jpg,1,8,0.0061843167,0.42559165,3.2036372e-05,0.00059840665,2.6760883e-05,0.0033352978,0.0048159347,0.010038692,0.5493769
20171109-072414-3.jpg,5,5,0.00037977606,0.00037466988,1.2019767e-06,0.00012596681,6.3175003e-06,0.96453708,0.0031187835,0.00018171839,0.031274486
20170210-133424-0.jpg,0,0,0.61185205,0.01444228,0.00025452412,0.00011041952,8.1952101e-05,0.0051598065,0.00045922041,0.34476164,0.022878045
20170811-125323-1.jpg,0,7,0.31739438,0.03599247,0.01662962,0.0014525993,0.033181101,0.031017302,0.0010673297,0.39777052,0.16549471
20171102-120417-1.jpg,2,2,8.9867859e-07,7.936024e-07,0.99996567,3.7306502e-06,2.4382673e-06,2.0157945e-06,1.1259492e-06,1.5042279e-07,2.3306737e-05
20170714-145855-1.jpg,1,1,0.00090109702,0.99163377,2.4236858e-06,0.0012110504,1.875785e-05,2.7403588e-05,0.00020724205,0.0040868921,0.0019111296
20180112-073915-1.jpg,8,8,0.024392702,0.12718131,0.00014703485,0.0037945078,0.00067159493,0.0046411171,0.010062801,0.056283623,0.7728253
20170913-102810-2.jpg,3,4,0.00062241481,1.8076986e-05,0.0005619927,0.25537255,0.62711143,0.00063449115,0.00018846248,0.00038727085,0.11510341
20170217-111529-0.jpg,0,0,0.58253676,0.0033056075,4.0474275e-05,6.4183681e-05,9.7950317e-05,0.027125493,0.0007994434,0.3703123,0.015717808
20170207-142223-0.jpg,7,7,0.1091777,0.055878673,6.5679968e-05,1.4263421e-05,8.0021218e-06,0.002016118,0.00017153681,0.82956517,0.0031028604
20170727-143524-3.jpg,4,4,0.0012350042,0.00010517867,0.01070468,0.0075793415,0.5413897,0.0012534223,0.0019361126,0.0021566972,0.43363985
20171121-081532-2.jpg,6,8,0.0003668275,0.019654898,0.00082675152,0.00041412131,0.00093341398,0.00026826438,0.22270623,0.00061309896,0.75421637
20180119-115536-1.jpg,8,8,0.014645439,0.024470188,0.00099727977,0.0054718493,0.00063420099,0.0041340096,0.006040561,0.13054419,0.81306231
20170128-103616-0.jpg,7,3,0.051542372,0.095364548,0.00035693255,0.50023359,0.02655725,0.00013765077,0.0010748436,0.067552038,0.25718075
20180125-130328-2.jpg,8,8,8.4724445e-05,0.0004718453,1.0935179e-06,5.9922186e-05,6.1723644e-05,0.00025354134,0.00074755948,7.4716241e-05,0.99824476
20180119-104834-2.jpg,8,8,0.0031264438,0.0021023937,0.012950829,0.001075561,0.0073095327,0.00027919235,0.004751584,0.0055060023,0.96289861
20171113-142828-2.jpg,6,6,2.7249684e-05,0.0020407164,2.5365198e-05,4.1412899e-05,1.3437519e-05,4.5581222e-05,0.98089474,0.00036311819,0.016548401
20171121-073846-1.jpg,6,8,0.00047525903,0.0026329178,3.0598545e-05,9.3045121e-05,0.00014550687,0.0020766321,0.47428864,0.0015909312,0.51866645
20180109-072313-1.jpg,8,8,0.00038403331,0.0010660377,4.9913529e-06,0.0015581237,9.1221729e-05,0.034650721,0.033127524,8.3456282e-05,0.92903376
20180125-135219-3.jpg,8,8,3.934915e-05,2.7853806e-05,9.9874096e-06,4.6357552e-05,0.00015699858,3.6124186e-06,3.8837788e-05,3.3997712e-05,0.99964309
20170126-095541-0.jpg,1,1,0.00075011502,0.99379456,1.0186464e-05,0.00015807204,1.3609485e-05,0.00011642437,0.00014167554,0.00058059132,0.0044347034
20171025-075728-1.jpg,3,8,0.014926055,0.00039379569,2.5755025e-05,0.25704065,0.013803529,6.3504112e-06,2.4568458e-06,0.0087348437,0.70506656
20180125-093913-2.jpg,8,8,0.0012577457,2.9276527e-05,0.012535468,0.00050721725,0.0592122,0.00025125567,0.0071472162,0.00049733586,0.91856223
20170718-101731-2.jpg,0,8,0.21125399,0.10868004,0.00045762854,0.057107419,0.018511532,0.001634802,0.00010152144,0.14282875,0.45942429
20170727-144707-1.jpg,4,4,0.0033559224,0.00035790922,0.05380803,0.0089052301,0.76214397,0.15557544,0.00081824959,0.00074651552,0.014288734
20171218-115905-3.jpg,8,8,0.0054246462,0.0092759235,0.0014457847,0.0046345349,0.0012542868,0.067723989,0.0024720842,0.0027405734,0.90502822
20170728-123035-2.jpg,4,4,0.00023393247,5.6244617e-06,0.00018434314,0.0031722516,0.97975928,1.1139579e-05,4.1838725e-06,0.00023019436,0.016399009
20170217-113444-0.jpg,7,7,0.0003683957,0.00084193994,1.1632883e-06,1.2114555e-05,6.0872333e-07,0.00010113652,0.0047581745,0.98599619,0.0079202764
20170718-100100-2.jpg,0,7,0.065280631,0.19386601,0.00011702269,0.0039785933,0.0019218425,0.010240988,0.0076121655,0.52904403,0.18793876
20171113-141550-2.jpg,6,6,5.7488389e-05,0.0014537747,1.73966e-06,8.7104117e-06,4.5028901e-06,7.7426066e-06,0.99486142,0.00023880826,0.0033657234
20171219-111842-3.jpg,8,8,0.0002130065,8.1263322e-05,0.016656574,0.001692234,0.046761498,2.9063642e-05,0.0056559918,0.000319983,0.9285903
20171218-121154-2.jpg,8,8,3.7277547e-05,0.00096226385,1.6095562e-07,0.0017852999,2.4297527e-05,7.1549788e-05,0.00017618705,0.00014752516,0.99679548
20171113-101452-1.jpg,5,5,0.00012666706,0.00019236276,1.1063248e-06,0.00041578463,3.8328826e-06,0.60437924,0.00058238429,0.00014925127,0.39414939
20170610-120852-0.jpg,1,3,0.010713468,0.095535494,8.2314356e-05,0.62159628,0.0025700876,0.0008447112,0.00028246775,0.013177352,0.25519779
20170718-094425-2.jpg,0,3,0.044703234,0.0029773905,0.020216186,0.42749652,0.053219825,0.022093957,0.00044987662,0.044242028,0.38460085
20171219-114239-2.jpg,8,4,0.0024655713,0.00087839912,0.0097778216,0.010237223,0.78634846,8.5726046e-05,0.00233355,0.0066670552,0.18120612
20180112-073133-2.jpg,8,8,0.0073142983,0.0015087244,0.0072383243,0.0081025194,0.19872087,0.0011037452,0.0030034457,0.0074937027,0.76551425
20170727-170339-1.jpg,4,4,0.0029674829,0.00078393269,0.00076661905,0.0025987183,0.92880201,9.4805706e-05,0.0003865145,0.017314326,0.04628557
20170920-120020-2.jpg,2,2,0.0020726172,0.00011549127,0.74671102,0.013363522,0.098486178,0.0003574228,0.00087576162,0.0095863901,0.12843168
20180109-074809-1.jpg,8,8,1.3722089e-05,5.8083067e-05,0.00056192384,3.9137449e-05,0.00026469919,0.00017541877,0.13065802,1.4576807e-05,0.86821455
20170811-163616-1.jpg,0,0,0.46752238,0.16951723,4.4138844e-05,0.00072748261,0.00011099636,0.0033192793,0.0063942168,0.25964022,0.092724025
20171113-151802-1.jpg,6,6,2.0408745e-05,0.00022344671,1.0645782e-05,7.3259621e-06,3.9133661e-06,1.8549157e-05,0.99111253,6.9749964e-05,0.0085334107
20180109-091326-2.jpg,8,8,2.2246952e-05,0.00019525959,1.1663785e-06,0.0037801682,0.00012551747,2.0917771e-06,8.4603016e-05,5.1398318e-05,0.99573755
20171109-090410-3.jpg,5,5,2.3901004e-05,2.741113e-05,7.9966111e-07,5.6492452e-05,4.3888936e-06,0.99394351,0.0015196251,2.0431762e-05,0.0044035302
20180112-080317-2.jpg,8,8,0.011203209,0.00071880629,0.0022112664,0.12118531,0.019556632,0.0001557552,0.00038708522,0.0091866832,0.83539522
20171220-101523-2.jpg,8,8,0.02499368,0.1001496,3.81543e-05,0.0032145507,6.3890147e-05,0.0074381637,0.0067254915,0.15079248,0.7065841
20180322-120838-2.jpg,8,8,0.00096315896,0.00051188853,3.3871616e-05,0.00070799113,0.00097010419,3.0327396e-05,7.4228075e-05,0.00076637004,0.99594218
20180112-081141-1.jpg,8,8,0.0089598326,0.00061583694,9.2073118e-05,0.0054951594,0.045233656,1.7769855e-05,0.00011725107,0.02188402,0.91758442
20170707-110228-0.jpg,7,7,0.13811612,0.16710722,0.00028408389,0.056229133,0.019593235,0.0010865452,2.5802075e-05,0.3756372,0.24192065
20180105-094853-2.jpg,8,8,0.00013708456,0.00010166839,0.00015934452,0.00069097383,0.0013419006,7.707264e-05,0.0011129617,0.00023391769,0.99614513
20171205-123919-2.jpg,8,8,0.0003289723,0.0020705338,2.4617841e-06,0.0028164142,0.0001824691,0.0035932183,0.00054647628,0.00097891409,0.98948038
20170811-103932-1.jpg,0,1,0.21932384,0.63547492,0.0016631794,0.0017842579,0.00084271689,0.0036433327,0.00048257201,0.092932358,0.043852825
20170920-131038-2.jpg,2,4,0.0015640799,5.5114604e-05,0.0079071,0.0023443461,0.76094872,0.04294068,0.00098771846,0.00036742841,0.18288496
20171025-095534-1.jpg,3,3,3.9687635e-05,2.5533259e-08,3.7046885e-07,0.99980551,0.00012476454,3.720994e-09,2.0444195e-09,2.3000709e-06,2.7409564e-05
20171220-084312-2.jpg,8,8,0.00085488136,0.00035697169,1.6431348e-07,0.00161553,8.8440102e-06,0.0022201613,8.2912607e-05,0.0028368416,0.99202371
20170207-154442-0.jpg,0,7,0.25434914,0.14500134,0.0021382272,0.0026747743,0.0025875375,0.14400335,0.029799763,0.38261977,0.036826022
20171219-095309-3.jpg,8,8,0.023402723,0.0005406175,4.4435769e-06,0.00018569219,0.00026015937,0.011764509,2.0597743e-05,0.0025241289,0.96129721
20170714-170127-1.jpg,1,1,1.0495588e-05,0.99990284,1.7464791e-08,1.2902819e-06,3.66481e-08,1.7847483e-07,2.284004e-05,3.718444e-05,2.5133799e-05
20171113-130826-2.jpg,6,6,0.00015706007,0.017366985,9.9726558e-06,0.00010837647,1.8164525e-05,0.0028120894,0.89121032,0.00070649746,0.087610513
20170727-151926-1.jpg,4,4,0.001145334,5.3779029e-05,0.003146566,0.0015665733,0.94034481,5.989628e-05,0.00011360531,0.0042884238,0.049281083
20171212-094500-3.jpg,8,8,0.0002336273,0.0047468678,1.154045e-07,0.0021173239,5.3022395e-06,0.00033299573,0.00079852267,0.00083659886,0.99092859
20170217-114650-0.jpg,7,8,0.022237876,0.0027285183,0.0016014531,0.0041270168,0.00097737019,0.021289704,0.0014002438,0.42893967,0.51669812
20171219-113609-2.jpg,8,8,0.0027136307,9.7517142e-05,0.072098814,0.026084626,0.094468094,0.0039144945,0.0028962828,0.0022016745,0.79552484
20180112-101527-1.jpg,8,8,0.031425487,0.043149881,0.0029074994,0.0063086166,0.011718623,0.00018441392,0.26751891,0.054755431,0.58203119
20170217-143504-0.jpg,7,7,0.00021844596,3.2698455e-05,2.9593883e-07,8.2917558e-07,8.2874507e-08,1.7463947e-06,0.00028794253,0.99943596,2.2030343e-05
20170729-091840-1.jpg,4,4,0.00033086809,1.3518057e-05,0.0010490927,0.001483154,0.9784506,4.3384184e-06,6.3191706e-05,0.0022851757,0.016319996
20180112-071750-1.jpg,8,8,4.6993038e-05,2.0116086e-06,3.1019667e-06,0.00010064938,0.0080582192,2.5936606e-07,9.9427407e-06,8.3839928e-05,0.99169511
20180322-110935-2.jpg,8,8,0.0084039876,0.0022963942,9.2238319e-05,0.0026421922,0.003424082,0.00012536469,3.4945973e-05,0.016533321,0.96644753
20170130-102811-0.jpg,1,1,0.025001299,0.68297219,0.0016892079,0.008808814,0.0011158979,0.006454926,0.015544203,0.039473791,0.2189396
20180119-104741-1.jpg,8,8,0.0044803531,0.097206414,0.00017244842,0.0063479384,0.00027275374,0.00021634559,0.060270194,0.015624098,0.81540948
20180119-113051-1.jpg,8,8,0.0083741043,0.0099303173,0.00053930632,0.002935973,0.0058786641,0.00053498847,0.00067351921,0.06038424,0.91074896
20170207-142514-0.jpg,7,7,0.0007833984,0.00164248,2.6465904e-07,2.1732974e-06,1.09651e-07,0.0001435899,0.00016257714,0.99644119,0.00082415866
20170920-112029-2.jpg,2,2,0.0033704634,0.00016563933,0.71037471,0.01520486,0.23416503,0.00081112131,0.0012814577,0.0078878151,0.026739003
20171109-070737-3.jpg,5,5,8.4608801e-05,0.00020273111,1.2636261e-06,9.5762305e-05,2.6130108e-06,0.96425438,0.0095652733,0.0001235816,0.02566975
20180112-081631-1.jpg,8,8,0.0010097538,9.9754201e-05,2.5447948e-06,3.1946609e-05,2.1400494e-05,3.0439218e-05,1.733498e-05,0.00060706132,0.99817979
20170728-151316-1.jpg,4,4,0.00045692961,2.3664908e-05,0.00061173504,0.00094692915,0.95913762,0.00012693003,7.3075273e-05,0.0011035885,0.037519593
20180119-114446-2.jpg,8,8,9.3865026e-05,0.010927173,7.9498459e-06,0.0001923441,1.30176e-05,0.00032753052,0.027735932,0.00082190213,0.95988029
20180112-081705-2.jpg,8,8,0.039340857,0.0018857952,0.0020358304,0.010333039,0.016440015,0.00022164675,6.0942806e-05,0.068887219,0.86079472
20170315-090051-0.jpg,8,8,0.063046902,0.030389043,0.00098200317,0.010757936,0.022643959,0.0048427177,0.010668508,0.069785364,0.78688359
20180112-094236-1.jpg,8,8,0.0038733007,0.018553259,0.0037701032,0.0061918669,0.0020777723,0.0041831792,0.01461747,0.018580172,0.9281528
20180125-095411-1.jpg,8,8,9.5540172e-06,9.1495358e-06,2.1782182e-06,0.00020709774,1.9869998e-05,0.0029847112,0.0022744543,1.9206134e-05,0.99447364
20171113-123737-1.jpg,6,6,9.553002e-05,0.0012166211,0.00017625961,0.00011496996,6.3108142e-05,9.9531462e-06,0.91915911,0.00026278963,0.07890176
20180109-091033-2.jpg,8,8,0.0062522124,0.013328503,8.5556392e-05,0.01669741,0.0022226556,0.0005030419,0.0043175207,0.0059767934,0.9506163
20171212-094423-1.jpg,8,8,8.0562604e-05,0.00045943548,3.7083026e-07,0.003047538,7.7996983e-06,0.00095518993,1.8301356e-05,0.00020351175,0.99522734
20171113-121536-1.jpg,6,6,0.058377527,0.033456415,0.00010688943,0.00073021709,0.00051491457,0.00050573813,0.55403191,0.0092151528,0.34306115
20170906-105827-4.jpg,3,4,0.057566982,0.0024837411,0.01628739,0.14003235,0.41747305,0.00022571046,0.00011832616,0.15652657,0.2092858
20170913-101102-3.jpg,5,5,0.0071611698,0.0018649768,0.00048827339,0.006457733,0.0015360411,0.9483608,0.0012867143,0.002877218,0.029967101
20180119-115102-2.jpg,8,8,0.0045740311,0.028717641,0.00032912957,0.011492063,0.00062737678,0.015211056,0.0026021984,0.0031322672,0.93331414
20171113-133713-3.jpg,6,6,0.0025799156,0.11150456,0.00013212724,0.00050676923,8.5503729e-05,0.00050362846,0.69679981,0.0065841973,0.18130344
20170718-132653-2.jpg,7,7,0.017502563,0.00031403164,2.4786865e-05,0.00020835713,6.3206746e-05,9.3434228e-06,0.00014480164,0.97930062,0.0024323203
20170920-160233-3.jpg,2,2,0.0089226682,0.00086882769,0.59711635,0.039644904,0.18351755,0.00056272763,0.007418395,0.013917266,0.14803135
20180112-093259-2.jpg,8,8,0.00076822645,8.5929372e-05,0.0007565507,0.00029556581,0.00040637821,0.00014270455,0.00024323064,0.00065819494,0.9966433
20170920-164116-3.jpg,2,2,8.239704e-05,2.2796801e-05,0.99669826,0.00038832385,0.0022160425,4.5847784e-05,3.8467642e-05,1.6626025e-05,0.0004912648
20180109-104742-1.jpg,8,8,0.081754237,9.1329552e-05,0.00015699216,0.014153617,0.0096526742,9.9231174e-06,1.107151e-06,0.0026807089,0.89149964
20171212-105828-3.jpg,8,8,0.016375203,0.021382554,2.2464075e-05,0.0066949739,0.00060336589,0.00025510261,0.0004074107,0.0086258557,0.94563317
20170404-154025-0.jpg,7,7,0.0052999547,0.00033057627,3.9430997e-06,2.7773125e-05,1.7818613e-06,0.00023770538,0.0028243803,0.98551476,0.0057591507
20171113-140544-2.jpg,6,6,3.8311642e-05,8.6472901e-05,6.3213511e-06,9.0558506e-06,4.9065188e-06,4.1261606e-05,0.9853372,0.00010799603,0.014368572
20171218-105735-2.jpg,8,8,0.0059035765,0.052457273,3.7735066e-05,0.04694226,0.0012283727,0.00070161116,0.0040830006,0.0048828521,0.88376319
20171220-084438-3.jpg,8,8,0.0024747844,9.5821917e-05,2.8568738e-07,0.00074695115,1.1112203e-05,0.00080334564,3.6620666e-05,0.037611719,0.95821929
20170729-091808-1.jpg,4,4,0.0020631943,4.7793204e-05,0.01041165,0.016098266,0.95479321,0.0008598381,0.00020270032,0.0014047773,0.014118561
20180105-093104-2.jpg,8,8,0.00053739891,0.0023606482,0.00010714767,7.1146846e-05,7.9042286e-05,0.0030315977,0.030493047,0.00070670003,0.96261322
20171219-105848-2.jpg,8,8,0.024928188,0.040535931,0.0018710645,0.014590736,0.035730399,0.00065038283,0.00099894358,0.12505865,0.75563574
20171102-123049-2.jpg,2,2,6.8767957e-05,7.7436838e-05,0.99675071,0.0009919178,0.00037677525,0.00065815944,0.00020860425,2.7258742e-05,0.00084036338
20170127-101849-0.jpg,1,1,0.0048583699,0.8089118,2.1200036e-05,0.0018716301,9.4019742e-05,0.00027597675,0.074800804,0.023590589,0.085575595
20180109-071728-1.jpg,8,8,3.1832718e-05,9.654239e-05,3.8949315e-06,4.1480809e-05,5.4382061e-05,0.00043365243,0.0082944492,5.3295307e-06,0.99103856
20180125-091341-2.jpg,8,8,1.5025266e-05,7.0564425e-07,7.8545245e-06,1.080433e-05,7.5643096e-05,7.1255245e-06,0.00015517521,9.4710585e-06,0.99971813
20180322-114634-1.jpg,8,8,0.019812299,0.00066931761,4.3801563e-05,0.00088532449,0.0018943808,0.00015491773,1.1344063e-05,0.0081899129,0.96833885
20171220-084214-2.jpg,8,8,0.01517316,0.0011746908,0.00010448119,0.01082457,0.00021929866,0.0039931471,0.001501099,0.0054818657,0.96152782
20180109-102956-2.jpg,8,8,0.0064913318,0.0037590968,0.0084970947,0.013652937,0.031791482,0.00017662374,0.00019189264,0.017670579,0.91776901
20180105-093818-2.jpg,8,8,9.8848941e-05,0.00015571142,0.010124859,0.00039064209,0.0021302262,0.00011242008,0.020853847,0.00021353205,0.96592003
20170715-133401-1.jpg,1,1,0.00057679403,0.98938572,9.8955688e-06,1.1228054e-05,3.4147915e-06,1.6290469e-05,0.007767118,0.00024123432,0.0019883988
20170920-111136-3.jpg,2,2,0.00012893832,6.7396839e-05,0.99003863,0.00054442749,0.0072311638,0.00072587142,0.00021168531,1.0896101e-05,0.0010410453
20171109-094052-3.jpg,5,5,3.2568034e-05,3.7665629e-06,9.0892108e-08,4.4576e-06,4.0033891e-07,0.99909997,0.00076999195,1.5586264e-05,7.3221287e-05
20170522-093417-0.jpg,1,7,0.02486494,0.20395896,0.0010076809,0.012509836,0.0049433853,0.0082278214,0.0031934839,0.62551063,0.11578324
20170714-143358-3.jpg,1,1,0.00038244433,0.99285358,1.3696655e-05,5.2053289e-05,1.3506057e-05,1.7839153e-05,0.004975657,0.00095890602,0.00073224521
20171219-095742-2.jpg,8,8,0.0092935627,0.0039144955,1.1268823e-05,0.0048706117,0.00048508545,0.011052473,0.00028035371,0.001270907,0.96882117
20170727-150354-3.jpg,4,4,0.0010365975,0.00015971456,0.00037894258,0.067444406,0.58210248,0.0004752393,0.00015185389,0.002392676,0.34585801
20180112-080645-2.jpg,8,8,0.12530401,0.0026830188,0.075598978,0.073645376,0.04105638,0.0018336284,0.010609268,0.040468577,0.62880081
20170714-150144-1.jpg,1,1,0.00024920396,0.98688161,3.2280586e-06,3.8518563e-05,4.8893116e-06,2.9302585e-06,0.008963231,0.00033860846,0.0035179774
20171102-104723-1.jpg,2,2,2.642198e-05,4.0078437e-05,0.99500555,0.00013158897,0.0004593379,7.1011527e-06,0.000102347,2.1107509e-05,0.0042065061
20170920-113620-2.jpg,2,2,0.0015255315,0.00010978727,0.62512565,0.0011553729,0.10780879,0.00032831513,0.011634157,0.0019324255,0.25037995
20170906-132254-1.jpg,3,3,0.068092227,0.0031870301,0.18719199,0.47305992,0.13024804,0.011208679,0.0017374237,0.029089021,0.09618552
20180125-131823-3.jpg,8,8,0.045402911,0.066016324,0.00069003738,0.038568545,0.31517568,0.00014074633,0.0012968269,0.15176387,0.38094497
20170501-144349-0.jpg,1,8,0.029031971,0.017448107,0.00017957254,0.0041442621,0.00035954313,0.010265579,0.0085946731,0.024113495,0.90586287
20180112-103552-1.jpg,8,8,0.20684522,0.012209466,0.008911564,0.006849559,0.031429611,0.010636836,0.015934682,0.19561924,0.51156366
20170727-145816-3.jpg,4,4,0.00692847,0.00049756293,0.0065576951,0.034269452,0.89554971,0.0053276378,0.0012295215,0.0048286291,0.04481132
20180125-100630-1.jpg,8,8,0.00080627011,0.00065096555,1.1627741e-05,0.00014101787,0.0013088647,0.001746628,0.002335903,0.00013919749,0.9928596
20171220-090130-2.jpg,8,4,0.0061639249,0.00029885379,0.028089589,0.035284154,0.66467118,0.038398262,0.0015635676,0.0023206803,0.22320981
20171113-093900-3.jpg,5,8,0.0076581123,0.00056902767,1.5948826e-05,0.00058533263,6.619253e-05,0.0043549058,0.0032629957,0.0010084925,0.98247898
20171113-144802-3.jpg,6,6,0.0016602247,0.016354052,0.00035804554,0.00059647433,0.00019724599,0.00024109971,0.92070067,0.0029443894,0.056947798
20170729-090502-2.jpg,4,4,6.5821776e-05,4.981182e-06,0.0015228025,0.00057383929,0.98045373,1.4438208e-05,6.4376232e-05,0.0001865339,0.017113371
20170304-132330-0.jpg,7,7,0.046013955,7.068253e-05,3.5946266e-07,9.1547445e-06,7.9797138e-07,0.00043999279,0.00014152755,0.94994819,0.0033752522
20180112-094034-1.jpg,8,8,0.0001898895,0.0001270229,4.587665e-06,6.3950123e-05,5.6990481e-05,1.2609686e-05,0.00091449515,0.00016411013,0.99846637
20170920-101832-2.jpg,2,2,0.0036413847,0.0051894328,0.83179575,0.0033457202,0.070959851,0.0097619798,0.03972391,0.0015104689,0.034071438
20171113-141121-2.jpg,6,6,7.3281171e-06,8.7119748e-05,2.2115137e-07,1.6480459e-06,5.2908064e-07,3.3370529e-06,0.99941897,1.6857828e-05,0.00046408511
20171113-101952-3.jpg,5,5,7.6293341e-05,6.6245055e-05,2.5060658e-06,6.0718328e-05,7.966767e-06,0.9983027,6.1556333e-05,1.8166402e-05,0.0014037867
20170315-090946-0.jpg,8,8,0.0057028285,0.022281472,5.5231601e-05,0.0074717207,0.0029024074,0.00022328348,0.0013141471,0.0088906167,0.95115834
20171121-090026-2.jpg,6,6,0.0013174504,0.059221417,4.7524587e-05,0.0010197579,6.2544525e-05,9.665289e-05,0.82590753,0.062025469,0.05030166
20171220-094530-2.jpg,8,8,0.034991428,0.35262012,0.0011242785,0.044337332,0.0032157884,0.015495342,0.002250209,0.1850695,0.36089596
20180119-113956-1.jpg,8,8,0.0023334736,0.017907145,0.0019525343,0.00047896459,0.00039965156,0.00029898895,0.46028769,0.0096139759,0.50672764
20180109-095939-2.jpg,8,8,0.0072185677,0.013306234,0.017983025,0.041134689,0.036976896,0.028685506,0.0041628326,0.016391331,0.83414096
20171102-102243-2.jpg,2,4,0.10613864,0.0040709451,0.08053498,0.10274461,0.30141035,0.0023546796,0.0016676936,0.21804003,0.18303813
20180112-092826-1.jpg,8,8,0.025831444,0.002864901,0.0021015154,0.0021484524,0.0023226864,0.00083403272,0.00064756797,0.02934582,0.93390363
20170217-152041-0.jpg,0,0,0.69569534,0.005568509,5.6494122e-07,7.803088e-06,8.4247466e-07,2.9370629e-05,0.0040936428,0.0036240143,0.29097989
20180105-100717-3.jpg,8,8,0.0031852154,0.00031511657,0.051725831,0.00052737002,0.067255072,0.00056803995,0.017498156,0.00094047812,0.85798478
20171025-081510-3.jpg,3,3,0.0045351614,0.00058057177,0.00012954246,0.3942444,0.22568995,8.1386797e-06,3.744389e-05,0.0092595899,0.36551523
20170728-145825-1.jpg,4,4,7.7147793e-05,1.3768224e-06,0.0005220531,0.00045520152,0.99010813,4.5306397e-06,8.3800614e-06,0.00013257185,0.0086906729
20170127-102124-0.jpg,1,1,2.8841201e-05,0.99982762,5.9403938e-08,6.5444902e-07,4.1461931e-08,1.5583177e-07,7.4035204e-05,1.1316631e-05,5.7492081e-05
20171113-124335-1.jpg,6,6,0.00024049949,0.0020328949,0.00094052375,0.0001309119,0.00042010148,3.7939884e-05,0.98506618,0.0010798584,0.010051052
20170913-103603-3.jpg,5,5,0.0057513458,0.0023308541,0.0015304727,0.033654861,0.012772533,0.73061442,0.0025513815,0.0019014444,0.20889263
20180105-100739-3.jpg,8,8,0.00093522901,0.00043798093,0.0036499021,0.00053301896,0.0053122682,0.00022647472,0.049264435,0.00072168955,0.93891895
20170405-155358-0.jpg,0,7,0.073857129,0.0073934225,2.4398944e-06,8.6705317e-05,9.4483166e-06,0.0024315321,9.5662515e-05,0.90599716,0.010126521
20170130-102858-0.jpg,1,1,0.034067817,0.46135712,0.001100341,0.0071248771,0.0037171394,0.27329215,0.0032539703,0.14148989,0.074596681
20180322-130751-1.jpg,8,8,0.0032287121,0.00022284348,0.00095549371,0.00020937942,0.005465907,0.0012149999,0.00012337243,0.00033756453,0.98824173
20180109-070018-2.jpg,8,8,4.6031942e-06,5.2960746e-05,7.9722762e-05,2.0292568e-05,5.1624298e-05,4.5087349e-06,0.0055617234,3.2480586e-06,0.99422133
20170714-170300-1.jpg,1,1,8.7404915e-05,0.99962354,1.3281344e-06,7.201772e-06,4.4999999e-07,4.594493e-06,1.4110581e-05,0.00020699487,5.4404587e-05
20170304-131518-0.jpg,7,7,0.020810695,0.066887394,5.2877083e-05,0.00020749176,5.0726136e-05,0.025523551,6.8653928e-05,0.87912452,0.0072741155
20170920-184941-1.jpg,2,2,0.00014539523,2.2599166e-05,0.96499515,0.001146013,0.02990626,0.00086755637,0.00013599439,3.5605495e-05,0.0027454256
20171220-083131-3.jpg,8,8,8.3977517e-05,2.8815977e-05,8.7543179e-07,0.00040275723,8.7756716e-06,0.0028478617,5.4189204e-05,0.0002008684,0.99637187
20170920-100529-1.jpg,2,2,7.6973383e-06,5.52949e-06,0.99958748,1.62577e-05,0.00010856028,0.00013053723,5.3049218e-05,2.0530808e-06,8.9006091e-05
20180322-120934-2.jpg,8,8,0.00017598263,0.00051499915,2.2907259e-06,0.0004903361,0.00033646837,4.9846858e-05,0.00023270638,0.0001971192,0.99800032
20171219-104758-2.jpg,8,8,0.0066999434,0.0083658416,8.0648206e-05,0.033569455,0.0019609611,0.0079016415,0.00082393858,0.0025864751,0.93801123
20171218-110051-3.jpg,8,8,0.0014794682,0.0063429205,2.2169495e-06,0.00078153255,8.8618668e-05,0.00013627745,3.7168702e-05,0.0020625212,0.98906928
20170714-133313-1.jpg,1,1,0.00053513166,0.95784116,3.3976863e-05,0.00017418522,7.8367166e-06,7.2737901e-05,0.0052004061,0.00089812418,0.035236385
20170920-112602-3.jpg,2,2,0.000544757,7.0606351e-05,0.92301542,0.0018571907,0.012143244,0.061916858,1.2098092e-05,7.7488992e-05,0.00036231338
20170714-170250-1.jpg,1,1,0.00016699691,0.99408311,2.0199032e-08,3.6572605e-05,9.431146e-08,2.796429e-06,1.7271367e-06,9.2323542e-05,0.0056162323
20170404-153723-0.jpg,7,7,0.0166013,0.010795412,6.2600921e-06,0.00021577472,2.4655715e-06,0.0007673325,1.1895144e-05,0.96700901,0.0045905155
20170304-131916-0.jpg,7,8,0.03531798,0.00069496641,4.2238235e-06,0.00012955462,3.1279183e-06,0.00061187206,0.0009248447,0.4482255,0.51408792
20180109-072300-1.jpg,8,8,3.502021e-05,9.6768999e-05,0.0034783427,1.5064562e-05,0.00011933991,4.981906e-05,0.029582631,8.2649403e-06,0.96661466
20180112-070959-2.jpg,8,8,0.0034551038,0.0043270844,0.0021236974,0.0058311247,0.031951282,0.00016532277,0.0085240779,0.01729922,0.92632312
20171113-123243-1.jpg,6,8,0.0082505895,0.090255193,0.0024227733,0.0020771991,0.0086604934,0.010794632,0.41063553,0.013402127,0.45350152
20170521-153441-0.jpg,1,7,0.0012791114,0.27845782,1.2065608e-06,2.2061852e-06,1.1250003e-07,5.2261948e-05,0.00016963242,0.71964025,0.00039745431
20170913-122502-2.jpg,5,5,0.005670744,0.002306279,0.0035957959,0.0060584606,0.042534791,0.86534441,0.0025640416,0.0077379746,0.064187467
20180112-091623-2.jpg,8,8,0.04224091,0.0017411655,0.018229701,0.0039056423,0.0062649301,0.0049712644,0.00029302962,0.017056391,0.90529704
20171025-091847-2.jpg,3,3,0.001121413,4.2519205e-06,5.2020081e-05,0.99319816,0.0029083965,1.9958047e-07,4.9371772e-07,0.00012657678,0.0025886225
20171109-072638-1.jpg,5,5,2.2366779e-05,1.5408871e-06,5.7999323e-08,7.4877079e-07,1.3930043e-07,0.99981469,4.7273592e-05,5.0929084e-06,0.0001080579
20180119-113529-2.jpg,8,8,0.046118606,0.054663815,0.00010052557,0.0094833048,0.00030843663,0.015946321,0.00017663023,0.092533112,0.78066927
20170210-132301-0.jpg,0,8,0.27491659,0.00016566468,1.5740312e-05,0.0054345755,0.0013250374,0.00072595751,7.6653101e-05,0.022810189,0.69452965
20180125-101314-1.jpg,8,8,1.5464098e-05,1.6876122e-05,3.9933035e-05,6.020951e-05,0.00028076323,7.6103242e-05,0.0025832176,4.45355e-06,0.99692315
20180119-111347-1.jpg,8,8,0.0027455359,0.0021131714,8.2061706e-05,0.00049862283,0.0013316672,0.00044062291,0.00099346531,0.0033726622,0.98842221
20171212-095442-1.jpg,8,8,0.00031192921,0.00015076649,2.3285456e-06,0.0008514307,3.2345968e-05,0.0081935581,0.00030623484,0.0015421138,0.98860943
20170714-142847-3.jpg,1,1,0.00022321806,0.9977743,3.6561614e-06,2.2936969e-05,1.8526792e-06,1.9468467e-05,0.00044087955,0.00027157203,0.0012418946
20180109-074141-2.jpg,8,8,0.031940907,0.032391809,1.9874422e-05,0.0015763926,6.5256703e-05,0.0014907018,0.0091698533,0.0091547891,0.91419035
20171217-103510-2.jpg,8,8,0.0045191064,0.0015658725,3.2562709e-06,0.00038227416,7.051885e-05,0.00094310666,0.0075664739,0.0026373821,0.98231202
20180109-092204-2.jpg,8,8,0.0015695626,0.00017831882,0.00012450998,0.00025371977,0.00086993177,0.00012766168,0.046253897,0.0015257335,0.94909668
20171109-092732-2.jpg,5,5,0.00015358817,0.00028635628,4.7749762e-07,4.8550723e-05,7.5002453e-07,0.96744162,7.6386837e-05,5.1436469e-05,0.03194087
20171220-084724-3.jpg,8,8,0.001377498,0.00024378205,3.06441e-07,0.0011875466,3.012759e-06,0.0003001194,0.0012093785,0.0014221953,0.9942562
20180105-093439-2.jpg,8,8,0.0019531002,0.00076712755,0.086231805,0.0025784317,0.13053106,0.00084013055,0.034130048,0.0014237789,0.74154454
20170920-181851-1.jpg,2,8,0.0019260682,0.00019896535,0.182887,0.012546586,0.33447227,0.015748637,0.0071337423,0.0016533108,0.4434334
20180109-092312-2.jpg,8,8,0.002746939,5.6868928e-05,0.00036681484,0.00014727752,0.00024650258,0.0019825303,0.00077082659,0.00058913365,0.99309337
20180105-094722-2.jpg,8,8,0.00033620087,0.00013935777,0.035481621,7.216636e-05,0.0009143452,0.00012038979,0.014604696,0.00032447791,0.94800669
20170920-190503-1.jpg,2,4,0.0022391821,0.00010871792,0.36760676,0.0027596178,0.57863247,0.00050188263,0.00093266024,0.0046822452,0.042536467
20170913-105051-1.jpg,3,4,0.0051563978,0.0023893826,0.010554709,0.088845357,0.4450357,0.0034173897,0.0016337658,0.00042270339,0.44254458
20171025-080643-2.jpg,3,3,0.014819451,6.9890593e-05,7.961518e-05,0.97069585,0.0048868614,1.1100873e-06,1.2906378e-06,0.0021430058,0.0073027974
20171219-100737-2.jpg,8,8,0.00091145991,0.0022682007,0.00084895856,0.029067593,0.027752003,9.2210059e-05,0.00075049908,0.0032151786,0.9350937
20170727-113408-3.jpg,4,4,0.00013719319,7.357803e-06,0.0092773186,0.0001068694,0.97025394,0.00014236871,8.1240563e-05,0.00024819034,0.019745531
20171025-100416-2.jpg,3,3,0.00098376418,5.9150549e-05,4.6619072e-05,0.89204276,0.0031149664,2.9902419e-06,1.6852828e-05,0.0010042149,0.10272875
20180105-100924-3.jpg,8,8,0.00014384062,8.8647219e-05,4.7297275e-05,7.9129728e-05,0.0030926419,1.0063009e-05,0.0017149316,0.00026267933,0.99456066
20171219-115041-2.jpg,8,8,0.00011094737,0.00010983743,0.028117584,0.0004304593,0.013642986,8.3534891e-05,0.001550797,0.00047682045,0.95547718
20171218-105127-2.jpg,8,8,0.23508707,0.0068986584,0.00030825444,0.00019489184,0.00018332696,0.046581514,0.021042267,0.09123008,0.59847397
20161207-144807-0.jpg,7,8,0.075448357,0.1544777,0.00015820822,0.0063557001,0.00050120172,0.059446406,4.9906117e-05,0.018359696,0.68520278
20170728-154551-1.jpg,4,4,0.00074343511,3.1421012e-05,0.020427467,0.0016771193,0.96008122,0.00049187825,0.00013619722,0.00036955488,0.016041713
20170920-112915-3.jpg,2,2,6.8679677e-05,2.2044995e-05,0.99469686,0.00067444332,0.0036065835,0.00014685825,0.00014953257,1.6931781e-05,0.00061789667
20180112-073902-1.jpg,8,8,0.011535377,0.061464202,4.0356677e-05,0.0011041634,0.00016909446,0.0031305447,0.0016185897,0.44024926,0.48068842
20171212-100452-3.jpg,8,8,0.00024693288,0.00083109748,2.4918565e-06,0.00060531771,7.8821768e-06,0.00027651503,8.1288985e-05,0.00048636438,0.99746215
20180105-100038-2.jpg,8,8,5.1390954e-05,7.8165813e-06,0.0004302231,1.951444e-05,0.0018770185,7.0392889e-06,0.00085140893,6.4224056e-05,0.99669123
20180109-091312-2.jpg,8,8,0.0003862158,0.001276954,1.5781861e-05,0.0012553768,0.00014722052,0.0034442579,0.011937557,0.00051741849,0.9810192
20171218-115247-2.jpg,8,8,0.00068325619,0.0028747676,3.6007077e-05,0.0030499476,0.001610301,6.2020583e-05,0.00012733809,0.003991229,0.9875651
20180109-101245-2.jpg,8,8,1.1630255e-05,3.3451674e-05,2.221364e-05,7.0648448e-06,3.8636067e-06,0.00087916717,0.055469535,2.3209424e-05,0.94355017
20180109-072502-1.jpg,8,8,0.00090104813,0.0036451947,5.6426339e-05,0.0014919884,0.00035184392,0.00028522089,0.10080358,0.0027305987,0.88973409
20171218-121347-2.jpg,8,8,0.00017417957,0.0017240514,1.5928013e-06,0.0019630592,8.3374922e-05,0.00043471472,0.00059744495,0.00010963274,0.99491209
20180125-131813-2.jpg,8,8,0.0028481653,0.0067752809,9.9205397e-05,0.0014524347,0.00011360275,0.040343851,0.0082163429,0.016149564,0.92400151
20171220-084337-3.jpg,8,8,0.0066507594,0.00032578653,7.1343347e-06,0.0024824264,0.00017166875,0.00074643613,0.0011636378,0.010282127,0.97817004
20171109-070917-1.jpg,5,5,0.00094307185,0.016987963,6.3750844e-07,7.5413227e-05,1.2604546e-05,0.92353654,0.0018597727,0.00078370213,0.05580033
20180322-114711-1.jpg,8,8,0.00227275,0.00038504161,7.7270284e-05,0.00033794623,0.00014668806,0.00048866234,0.001105223,0.0012775322,0.993909
20180105-093654-2.jpg,8,8,0.0019787156,0.0098412754,0.002548907,0.0026963591,0.013393059,0.00010553058,0.0042624432,0.0045907553,0.96058297
20170728-122224-3.jpg,4,4,0.00084890344,7.4693985e-06,0.00017051907,0.0018052337,0.98831099,0.00010582278,1.1778817e-05,0.00023990008,0.0084993457
20170811-110232-1.jpg,0,1,0.26322529,0.38352734,0.00054072193,0.00034481677,0.00067687745,0.043794569,0.0071762269,0.25347668,0.047237482
20180109-080646-2.jpg,8,8,3.6109468e-05,5.9181268e-05,0.0021877766,3.8131162e-05,0.00013323432,7.1867544e-05,0.0047233938,2.1507258e-05,0.99272883
20171218-105411-3.jpg,8,8,0.00020500879,0.0014934783,8.3013504e-08,4.065859e-05,1.1087495e-06,0.0028711765,0.00036682966,0.00028946876,0.99473214
20170906-112042-4.jpg,3,4,0.025958044,0.00080669887,0.11020868,0.14273484,0.63563985,0.00018821443,0.00031741097,0.019545019,0.064601265
20171025-094302-2.jpg,3,8,0.0025822872,0.00063092541,0.0023560915,0.077056587,0.0069189374,0.00016214204,0.002460585,0.0010115199,0.90682095
20180105-092629-2.jpg,8,8,0.0025222437,0.0028947245,0.0004430656,0.00056495523,0.0015002717,0.00097657507,0.010959137,0.0020023137,0.97813684
20171122-095852-1.jpg,5,5,8.2701008e-06,1.1038659e-06,1.1963521e-08,7.6937346e-07,3.2476461e-08,0.99990833,2.424844e-05,6.7643106e-07,5.6505807e-05
20170920-185519-1.jpg,2,2,0.00010730154,1.2258166e-05,0.99088681,0.00041977235,0.0056495271,5.83562e-05,0.00011269401,0.00017336305,0.0025797293
20171109-073438-1.jpg,5,5,7.6986667e-05,0.0010742048,9.1022696e-07,0.0002374178,2.4857075e-06,0.90665257,0.0004614256,0.00029494843,0.091199078
20171220-090323-3.jpg,8,8,0.0042937258,0.0013605227,1.9495485e-05,0.00974009,0.00043080773,0.01933559,0.00036160034,0.00090508914,0.96355295
20170714-170829-1.jpg,1,1,0.019882631,0.42347464,0.00026042332,0.030618852,0.011151443,0.00012858362,0.0013229134,0.32800114,0.18515942
20180105-092837-2.jpg,8,8,2.8426115e-05,0.00017656213,2.1306109e-06,2.531364e-05,7.3691241e-05,9.3615781e-05,0.0018950239,1.3970751e-05,0.99769127
20171219-112707-3.jpg,8,1,0.014387387,0.75000054,0.0011623398,0.0048822132,0.00080477074,0.0060020238,0.044510409,0.068428032,0.1098223
20180125-134604-3.jpg,8,8,0.0035484608,0.0027596804,0.0029225859,0.010134493,0.020129988,0.00025142217,0.0075397845,0.0038528866,0.94886059
20170210-131852-0.jpg,7,7,0.004548572,0.0094404286,0.00014903047,0.00058396661,0.00019931243,0.00023713516,0.04127809,0.90915817,0.034405224
20180109-075528-2.jpg,8,8,0.00034782471,0.00063135248,0.19427155,0.00030207809,0.0018820449,0.0002765911,0.01881077,0.00011661908,0.78336102
20170913-110924-1.jpg,3,3,0.0009921008,0.0001345825,3.6112804e-05,0.44403294,0.28617674,0.0012409362,0.0001502568,0.00015378014,0.26708245
20171212-095801-3.jpg,8,8,1.5607751e-05,2.2034756e-05,3.2524675e-08,5.981202e-05,8.4398889e-06,7.6886299e-06,1.6339445e-05,5.9573754e-06,0.99986398
20180125-091721-2.jpg,8,8,0.00084029476,4.4315377e-05,0.0019630562,0.0012284783,0.070772097,8.5158063e-05,0.0022891038,0.0006986247,0.92207879
20180109-072056-2.jpg,8,4,0.006011589,0.00025039163,0.097085305,0.0041976902,0.60066038,0.002814637,0.0023347749,0.0047213705,0.28192377
20171113-121432-2.jpg,6,6,0.00067078072,0.00618655,0.00016961852,0.00016879635,0.00016337742,0.0003274419,0.98517507,0.0013776908,0.0057606641
20171121-091041-1.jpg,6,6,7.1510854e-06,0.012576144,4.3190049e-08,1.4820226e-06,1.802e-07,4.8679785e-06,0.98692095,0.00014456043,0.00034455987
20180125-095855-1.jpg,8,8,5.3617634e-05,1.0059823e-05,0.00058234512,0.00023163778,0.00014517491,0.00014726896,0.00090003421,1.528929e-05,0.99791449
20180109-074701-2.jpg,8,8,0.00085408555,0.00057988183,2.1715208e-05,0.00017484149,0.00016345146,0.0025519461,0.0077897198,0.00082439091,0.98703998
20171203-173455-3.jpg,8,8,0.00023042018,0.010017768,2.4451718e-05,0.00024945056,3.0044132e-05,0.00027656197,0.0046343226,0.00039311845,0.98414397
20180109-065926-1.jpg,8,8,0.0024414605,0.00080608006,1.4236227e-05,0.00042763745,0.00018165997,0.0044703819,0.005277066,0.00074289466,0.98563856
20171203-172227-3.jpg,8,8,0.0042489725,0.0042955438,0.00018003622,0.0019440491,0.0022407568,0.00023392905,0.00049532985,0.0023774314,0.98398399
20170913-095810-2.jpg,3,3,0.0016420364,0.00015364963,0.0033905106,0.83549416,0.055981584,0.012567923,0.0026673772,0.00047064337,0.087632127
20171102-122707-1.jpg,2,2,0.00071834441,0.000166736,0.99103749,0.001100314,0.00074206584,0.00056398049,0.000183778,0.00063334004,0.0048538866
20171218-103140-2.jpg,8,7,0.11888569,0.066104822,0.0004436594,0.0051103081,0.024946492,0.0010303071,0.0012572705,0.5792008,0.20302065
20180112-101855-1.jpg,8,8,0.0006867231,0.0012377012,0.00016427334,0.00077743194,0.0004317234,0.00016475751,0.0050655785,0.0073312419,0.98414063
20180109-072157-1.jpg,8,8,1.0179654e-05,0.00061806384,4.515191e-06,0.00050523545,7.6160875e-05,8.7003842e-05,0.013734353,6.2986555e-06,0.98495805
20171109-071710-3.jpg,5,5,8.3926323e-05,2.1740718e-06,6.6910012e-08,1.1701246e-06,1.2874483e-07,0.99901557,0.00069909362,5.4549128e-05,0.0001432945
20161207-111744-0.jpg,0,0,0.74458182,0.11144217,1.3048668e-05,4.6964975e-05,8.5461816e-06,0.076208964,0.00025408159,0.033686914,0.03375756
20171218-112553-3.jpg,8,8,0.00029167737,0.00097783341,5.9171678e-05,8.7308414e-05,0.00011726713,0.0034395983,0.00031003417,0.00014996635,0.99456728
20180109-080400-1.jpg,8,8,6.7198336e-05,0.00013543029,0.00010716126,0.00012913793,0.00044027087,0.00037619774,0.031804081,3.704118e-05,0.96690345
20170920-162231-3.jpg,2,2,0.00050995772,8.8101318e-05,0.96398497,0.00086788676,0.026126156,9.3357798e-05,0.00066995446,0.00032566729,0.0073340023
20180105-101120-3.jpg,8,8,0.00084191829,0.0014099391,0.0003657967,0.0010336777,0.0016825829,5.9481921e-05,0.0081901215,0.00059778115,0.98581856
20170714-143530-2.jpg,1,1,4.6277288e-05,0.99749458,1.2541025e-07,2.3878712e-05,1.1956635e-07,3.83723e-06,0.00017870103,6.390988e-05,0.0021886381
20171113-142802-3.jpg,6,6,0.000374336,0.0031228899,1.6210681e-05,1.5072884e-05,6.6966832e-06,0.00018310787,0.96807319,0.00062104774,0.027587339
20170727-130258-1.jpg,4,4,0.0027911838,0.0002810513,0.20351766,0.015019768,0.67292523,0.00057198963,0.004527668,0.0039940397,0.096371487
20170728-124159-2.jpg,4,4,0.0006533243,2.6601905e-05,2.1773012e-05,0.0036668153,0.96323729,0.00015204978,3.2057374e-05,0.0021845207,0.030025719
20170718-094725-2.jpg,0,3,0.022161968,0.011824578,0.00055242958,0.65293896,0.12050641,0.0094111301,0.0013338672,0.057872042,0.1233985
20171025-073644-3.jpg,3,3,0.0073262029,0.03159719,8.9213718e-05,0.8694554,0.018847654,0.00015258034,0.00014477335,0.018064935,0.054322038
20171102-122142-3.jpg,2,2,0.0066233366,0.0014025621,0.65717214,0.0019196575,0.16019657,0.001330299,0.00075552851,0.0023067722,0.1682931
20180322-105228-1.jpg,8,8,0.044139531,0.013415527,0.0014841529,0.001842721,0.023296988,0.05393374,0.00076685171,0.015973594,0.84514701
20170920-113422-2.jpg,2,2,8.554096e-05,1.218141e-05,0.99014586,0.00056218705,0.0076412493,1.1580818e-05,0.00014801466,0.00011322441,0.0012801663
20170210-141602-0.jpg,7,7,0.072578311,0.038168069,3.8453905e-05,7.3193842e-05,1.6701473e-05,0.0017164978,3.4106044e-05,0.88129222,0.0060825162
20170729-092455-2.jpg,4,4,0.00052320829,1.2887302e-05,0.00023506615,0.0026245206,0.97326678,9.0993053e-06,7.5028656e-06,0.00086619752,0.022454718
20170210-133211-0.jpg,0,8,0.00972798,0.10356645,0.01438557,0.046020843,0.22156806,0.00030909159,0.015077482,0.043841116,0.54550344
20170920-190826-1.jpg,2,4,0.0031293347,0.0003374329,0.24158175,0.010065982,0.56444126,0.003354863,0.026971478,0.0033312452,0.14678672
20171212-105756-3.jpg,8,8,0.019153517,0.02595181,3.8395465e-05,0.00085608329,0.00019435612,0.00027157471,0.053488605,0.089185432,0.81086016
20170705-162824-0.jpg,8,8,0.14014947,0.0029926435,0.0049732653,0.19885036,0.25899997,0.054450318,0.0015755895,0.074460566,0.26354787
20171218-103654-2.jpg,8,8,0.067043811,0.021954099,0.00021624923,0.013972316,0.0092014447,0.00067992095,0.0061109266,0.29429528,0.58652586
20171205-144246-2.jpg,8,8,0.00057378126,0.0025988529,4.9262566e-05,0.0020070309,0.00010396462,0.22207673,0.00043087619,0.00030365289,0.77185577
20170728-150813-1.jpg,8,4,0.019858195,0.010695173,0.013325577,0.067063726,0.48990923,0.00088377169,0.00041274403,0.015424986,0.38242662
20170501-143642-0.jpg,1,1,0.0055384198,0.9726916,6.1964593e-06,0.00037297851,7.1524235e-05,0.0010000468,6.9784008e-05,0.014421718,0.0058275592
20180112-082623-1.jpg,8,8,0.013654841,0.0029382058,4.1885563e-05,0.0031590723,0.016824886,0.00018127578,4.0290866e-05,0.060657281,0.90250236
20170913-105539-3.jpg,5,8,0.12854375,0.039088685,0.0075396588,0.022259792,0.0043722861,0.35474223,0.032176726,0.044602796,0.36667407
20170705-162050-0.jpg,7,8,0.095321432,0.019168613,0.0002950436,0.0064033484,0.0020224536,0.0003758973,0.0040629599,0.18306042,0.68928975
20180109-105155-2.jpg,8,8,0.0028440817,0.00066623563,0.0038709068,0.01697088,0.0051244078,0.00014383273,0.00092127378,0.0019801322,0.9674781
20171113-144318-3.jpg,6,6,0.025116934,0.27914619,0.00035622809,0.0014266168,0.00021676539,0.0099850297,0.36376038,0.072007626,0.24798428
20170217-100519-0.jpg,7,7,0.0040078736,0.078104258,2.3192295e-05,0.00025610765,2.0592393e-05,0.003628029,0.091457278,0.75187063,0.070631996
20180112-102708-1.jpg,8,8,0.0021339399,0.0050514136,2.4577992e-05,0.0013717089,0.00048059874,4.4436714e-05,0.0010044522,0.0034886396,0.98640025
20170610-124334-0.jpg,1,8,0.034007173,0.38209826,2.7903876e-05,0.0018155425,0.00011362442,0.00033385865,0.0040913508,0.021393901,0.55611843
20171025-093119-2.jpg,3,3,0.00033105336,8.5121644e-07,2.5429637e-05,0.99790347,0.0012931249,1.348851e-07,1.8034788e-07,3.73443e-05,0.00040837727
20171220-100545-2.jpg,8,8,0.0015651876,0.0014932447,2.1815462e-05,0.0014001285,3.7566344e-05,0.015399542,0.0005056801,0.0018886247,0.97768831
20180322-111955-2.jpg,8,8,0.00019161779,1.7493372e-05,8.3367149e-06,5.3952182e-05,3.8326551e-05,8.4284853e-05,5.0277118e-05,0.00015525585,0.9994005
20180322-125704-1.jpg,8,8,0.00035058006,0.0014601416,6.2013655e-06,0.040918168,0.21663532,6.5634786e-06,2.3787004e-05,0.00062161213,0.7399776
20180322-114702-1.jpg,8,8,0.0029874304,0.00027587233,2.5836098e-06,9.7876647e-05,1.5723641e-05,0.00345479,0.0013326714,0.0016063869,0.99022663
20180112-072757-2.jpg,8,4,0.018018592,0.0044912631,0.00086136494,0.01370558,0.72188199,9.4385789e-05,0.00025842647,0.12764922,0.11303912
20171122-102101-1.jpg,5,5,0.00023482188,0.0010781172,3.5160824e-06,0.00053453445,1.3928248e-05,0.97728181,0.0043695136,0.00026023691,0.016223446
20170727-125810-3.jpg,4,4,0.00073648588,5.4614709e-05,0.0050200513,0.0099124294,0.87495077,5.6377339e-05,0.0005614555,0.0036838029,0.10502388
20170217-103346-0.jpg,0,8,0.051744629,0.013282189,0.00025825354,0.0053555896,0.0023665263,0.00031055009,0.0053738798,0.26828352,0.65302485
20171121-083939-1.jpg,6,6,2.1915146e-05,0.0011550057,7.5598416e-07,9.1303963e-07,1.2326147e-06,2.9021542e-06,0.99825817,0.0002114292,0.00034765474
20171212-094227-1.jpg,8,8,0.00038536597,0.004960503,1.7145221e-06,0.0082620317,5.7634279e-05,0.00022935908,3.0839965e-05,0.0020336013,0.98403889
20180125-134055-3.jpg,8,8,0.010854218,0.023100788,0.00034088205,0.0048035299,0.017835896,0.00010722903,0.0015184834,0.030479973,0.91095895
20170920-095322-1.jpg,2,2,0.00054576789,0.00048098827,0.94628292,0.0039237523,0.030687546,0.0040292935,0.0039429623,0.00017163654,0.0099350633
20180109-080101-2.jpg,7,6,0.0017508171,0.028367201,1.1138272e-05,0.00047278058,5.4715954e-05,0.00036825208,0.69489712,0.008093087,0.26598489
20180112-091641-1.jpg,8,8,0.027425067,0.037553892,0.00083830074,0.0010461196,0.0041257828,0.0040118271,0.00043678508,0.025794752,0.89876741
20171113-144523-3.jpg,6,6,0.0085511096,0.1148775,0.00018504239,0.0010868732,0.00016825083,0.0051489272,0.73974514,0.010905644,0.11933146
20170920-110646-3.jpg,2,2,2.451746e-05,9.142931e-06,0.99755585,3.9252274e-05,0.0019524834,3.0012128e-05,2.9128059e-05,3.3780716e-06,0.00035621511
20171219-092939-3.jpg,8,8,0.00050673942,0.00011717316,3.8142851e-05,0.0010592727,0.00017468043,0.0014805882,0.00090092025,0.00012524344,0.9955973
20180105-092612-2.jpg,8,8,7.8945131e-06,5.3312844e-05,0.026920931,2.9253913e-06,1.2563337e-05,3.8950613e-05,0.059471849,2.063244e-06,0.91348952
20180112-094508-1.jpg,8,8,0.00011012702,4.9779548e-05,1.658589e-06,4.1916064e-05,7.1710547e-06,0.0012856614,0.0009484177,4.5756802e-05,0.99750948
20180112-101800-1.jpg,8,8,0.012166814,0.0025754662,0.00053800194,0.0017357355,0.0018985962,0.0040403111,0.023936329,0.0055200635,0.94758862
20170727-164020-3.jpg,4,4,0.0022322917,0.00055255444,0.0013301249,0.0077038971,0.9344244,8.2129802e-05,0.00036684005,0.0094013074,0.043906555
20171121-082501-2.jpg,6,6,6.2498722e-05,0.0021571296,0.00022055556,6.0598781e-05,3.7882201e-05,5.1539893e-05,0.52654964,0.00015260749,0.47070763
20171102-094636-3.jpg,4,8,0.0036351501,0.0030437449,0.0079855751,0.012578717,0.21239041,0.00041932776,0.0074297288,0.017304853,0.73521256
20171109-093105-1.jpg,5,5,5.9712934e-06,9.634615e-07,9.7925277e-09,2.2372074e-06,4.5249624e-08,0.9992072,6.4390692e-06,2.4542487e-06,0.00077468122
20180125-100300-1.jpg,8,8,1.7743645e-07,5.7905137e-08,3.2794031e-08,5.3111387e-07,3.4018819e-07,6.1983758e-07,0.00012084298,6.0603448e-08,0.99987745
20170718-132051-2.jpg,0,7,0.043857388,0.0049054152,0.049568772,0.0083388155,0.25365332,0.00047798463,0.0097213248,0.34036729,0.28910965
20170127-102015-0.jpg,1,1,0.0011353561,0.69831532,2.564914e-05,0.00045665706,3.1003012e-05,0.0016009418,0.15679735,0.0036674396,0.13797019
20180109-102849-2.jpg,8,8,0.012517717,0.0085716406,0.10459646,0.013210725,0.022163831,0.0010509376,0.0076551242,0.028014669,0.80221879
20180105-095426-2.jpg,8,8,7.5763797e-05,4.2591375e-05,0.00078203471,0.00012655974,0.0050784536,2.3781889e-05,0.002073972,7.9080113e-05,0.9917177
20170707-111748-0.jpg,0,3,0.23473091,0.025172073,0.0047383583,0.37364298,0.0052606869,0.0012616025,0.0019714287,0.078717783,0.27450418
20170811-113945-2.jpg,0,7,0.26323792,0.0038925761,0.00014697286,0.00029305089,0.0013167047,0.0045307009,0.00039192953,0.56405813,0.16213198
20170714-142040-2.jpg,1,1,0.16882299,0.58861321,1.5105523e-05,0.0026775065,0.00016649126,0.00015365753,0.00034463359,0.020713519,0.21849293
20170714-120513-2.jpg,1,1,0.00034645185,0.9934749,1.2672705e-06,5.352994e-05,6.2171011e-07,1.0228739e-05,0.00041508555,0.0049045794,0.00079336029
20180112-071909-1.jpg,8,8,0.0021383066,0.00066142384,4.0036604e-05,0.00030819318,0.037727829,3.3788907e-05,7.5177886e-05,0.010128223,0.94888687
20171203-165821-3.jpg,8,8,0.008066915,0.012062172,4.5748516e-06,0.0028989757,6.0505325e-05,0.24418952,0.0015764651,0.0022308435,0.72890985
20180119-110234-2.jpg,8,8,0.023136469,0.011847639,0.0073045534,0.0044827242,0.36179757,0.00012877407,0.0024596376,0.10577077,0.48307189
20180109-080350-1.jpg,8,8,0.00012276383,0.00077713019,0.00016072264,0.0018497882,0.00099319615,0.001093663,0.17984724,0.0004630227,0.81469238
20170718-132932-2.jpg,0,8,0.18438509,0.1330893,0.0032456876,0.016361065,0.031762771,0.022733793,0.0031004241,0.15879032,0.44653156
20170405-155128-0.jpg,0,8,0.15885361,0.0026248763,2.0566984e-05,9.8525044e-05,2.3417309e-05,0.16520211,0.00097906718,0.10127758,0.57092011
20171220-083300-3.jpg,8,8,0.00053354225,8.4518608e-05,6.4270748e-06,0.00037481487,9.587266e-05,0.004697002,0.00010647677,0.00048834592,0.99361306
20170727-154540-1.jpg,4,4,0.001133741,0.00030980655,0.015434339,0.0038574659,0.94353664,0.00014750789,0.00060985534,0.0016616358,0.033309054
20170913-103238-2.jpg,3,3,0.0016237238,0.00041586792,0.0014034754,0.51882464,0.029766044,0.11159712,0.0023867136,0.00066916645,0.33331335
20180119-110920-2.jpg,8,6,0.0023001847,0.061799187,0.0018491531,0.0013225029,0.00089677749,0.00033989339,0.55014735,0.0038110935,0.37753382
20171109-092642-1.jpg,5,5,5.4673583e-06,4.7450117e-06,2.2144152e-07,3.6778256e-06,3.0755842e-07,0.99826533,2.984224e-05,3.3348447e-06,0.0016871258
20171203-165519-3.jpg,8,8,0.00016783716,0.00046753293,2.3905504e-06,0.00050253357,0.00022183788,4.3077166e-06,1.6934075e-06,0.00024244039,0.9983896
20170210-132227-0.jpg,0,1,0.13186364,0.60273552,0.00013817688,0.00065871328,0.00019262682,0.010030146,0.0043694046,0.19437671,0.055634979
20170729-091846-2.jpg,4,4,0.00086733827,3.0373265e-05,0.0064540543,0.015549755,0.94229078,1.440774e-05,1.1713935e-05,0.0024988742,0.032282755
20171121-083821-1.jpg,6,6,0.00012003528,0.00070645532,6.4540704e-06,2.950313e-06,1.8092154e-05,1.5878579e-05,0.99295664,0.00077416538,0.0053993477
20180109-085434-2.jpg,8,8,0.0017864604,0.019793559,0.00041591961,0.0015694075,0.0020763194,0.0016053682,0.0083419951,0.01688993,0.94752109
20170630-151331-0.jpg,7,8,0.0022995998,0.002797812,0.0034867914,0.0027157841,0.032462001,0.00061648065,0.20007333,0.019285811,0.73626226
20170728-124626-2.jpg,4,4,0.001976354,0.00059914793,0.001420535,0.015412191,0.64984542,0.0065687001,0.0007145644,0.002352139,0.32111096
20171121-084655-1.jpg,6,6,2.5047708e-05,0.00081789208,1.1051487e-07,7.6875841e-07,2.8356337e-07,9.0015328e-07,0.99890602,0.00021161666,3.7314214e-05
20180109-095457-1.jpg,8,8,0.014489592,0.0018087833,2.3371125e-05,0.00077445549,0.00067422161,0.00011301069,6.7079069e-05,0.020419598,0.96162987
20171220-084112-3.jpg,8,8,0.029008742,0.032999355,5.4159991e-05,0.055446427,0.036105853,0.0034700793,0.005341799,0.072750784,0.7648229
20171203-174521-3.jpg,8,8,0.0082395254,0.1476713,8.5457374e-05,0.16757122,0.0035192473,0.003923818,0.0023474437,0.016592164,0.65004987
20171220-101235-2.jpg,8,1,0.0032560262,0.94929934,2.1230496e-06,0.0014081065,1.7122629e-05,0.00017073231,0.0042945743,0.002485893,0.039065927
20170920-183814-1.jpg,2,2,0.00051328534,6.4217566e-05,0.67519104,0.00042686894,0.20936416,0.00065286446,0.0033516241,0.00010620694,0.11032973
20180109-090005-2.jpg,8,8,0.0060700299,0.0020155022,0.0022257299,0.010976661,0.01277105,0.00056541088,0.001254715,0.014233964,0.94988704
20170729-092537-2.jpg,4,4,0.00057048246,6.2225125e-05,3.0221589e-05,0.0026469219,0.94129974,8.1224962e-06,3.5676017e-05,0.0048615541,0.050485101
20180109-104602-1.jpg,8,8,0.027965808,0.0018099308,0.00074234366,0.12132649,0.10543214,0.00010845323,4.9860395e-05,0.052646358,0.68991858
20180109-074051-1.jpg,8,8,0.00039141919,0.00041053721,0.00033654319,0.00011298691,0.00010961652,0.0015312576,0.072914459,0.0002547171,0.92393833
20170811-125711-1.jpg,0,0,0.99845195,3.575733e-06,1.0298169e-06,2.2061704e-06,1.8018296e-06,0.00079229911,4.996436e-06,0.0004449535,0.00029714234
20170128-101948-0.jpg,8,8,0.0018899302,0.00019330233,0.0006141073,0.015565287,0.065143578,2.2954595e-05,0.00036603899,0.0032902898,0.91291451
20171220-091206-2.jpg,8,8,0.00099106843,0.002544346,4.894559e-06,0.00080770091,2.5083154e-05,0.16347758,0.0015705067,0.00050770579,0.83007109
20170217-102111-0.jpg,0,0,0.99825555,1.7113027e-05,3.6316017e-08,7.6064384e-07,5.6041205e-08,4.9613147e-05,2.7495898e-06,0.00039337541,0.0012808091
20180109-075608-2.jpg,8,8,0.0033585376,9.5134099e-05,0.11041924,0.08701124,0.22035708,0.0014777305,0.002877505,0.0012568684,0.5731467
20170920-140141-2.jpg,2,2,0.0031266899,0.00035770953,0.83431929,0.0039405678,0.1091283,0.00056057976,0.0059873979,0.0056733298,0.03690622
20170906-101303-1.jpg,3,3,0.0021211999,7.3110765e-05,0.00039611227,0.98017752,0.013927989,2.3157836e-06,6.0982402e-06,0.0012715304,0.0020241733
20170718-132034-2.jpg,7,7,0.036039211,0.021747341,0.00049754081,0.018503442,0.021615902,0.00048635816,0.00040852069,0.83276808,0.067933559
20180322-114418-1.jpg,8,8,0.00058059237,0.00083421159,4.2720671e-06,0.0003022865,0.00010450886,5.7600904e-05,2.2294895e-05,0.00039931718,0.99769491
20171220-092422-2.jpg,8,8,0.0042978586,0.00045620822,0.00041496695,0.0030616035,0.0056884452,0.010991688,0.00014537582,0.0050801425,0.96986377
20180125-093318-2.jpg,8,8,1.5570484e-05,3.8647842e-05,7.8233256e-07,7.8974335e-05,9.7245109e-05,1.9586455e-06,2.968631e-06,1.3950105e-05,0.99974984
20180105-102009-2.jpg,8,8,0.00022368405,0.00072161312,0.0082911793,0.00065879151,0.015893662,0.00010858565,0.023941239,0.00080319715,0.94935811
20171025-100236-2.jpg,3,3,0.0021065751,0.00029589352,0.00031324077,0.96290869,0.0023023651,1.0388954e-05,5.5961504e-05,0.0011106002,0.030896129
20171218-103005-2.jpg,8,8,0.32516861,0.031257041,0.00022875387,0.00087395107,0.0026803697,0.001421351,0.00056194531,0.033974163,0.60383368
20171218-122252-3.jpg,8,8,0.00075180968,0.0020179404,3.9611255e-05,0.0037330852,0.0009642482,0.0039435253,0.0017530206,0.00064270064,0.98615414
20170913-104940-2.jpg,3,3,0.0013877458,0.00026523534,0.00028526731,0.92414242,0.017169349,0.011246388,0.00024019672,0.0002944608,0.044968963
20170727-164003-3.jpg,4,4,0.018527886,0.00044475659,0.0052459114,0.071948968,0.69431853,4.8953352e-05,0.00022403151,0.024732228,0.18450867
20170920-192733-1.jpg,2,8,0.0012953636,0.00018519376,0.31629217,0.012831979,0.32118472,0.0011157488,0.0047761686,0.0035021848,0.33881646
20170728-124730-2.jpg,4,4,0.00038877784,1.0633688e-05,0.00068660383,0.004919501,0.91264403,0.00010071208,1.8903109e-05,0.00012883924,0.081101939
20180322-103006-1.jpg,8,8,0.00069639349,0.00012859995,3.7254755e-05,0.0014823808,0.052328445,0.001367714,0.00012818584,0.00030777205,0.94352341
20180109-070728-2.jpg,8,6,0.0010326721,0.028250361,1.9044461e-05,0.00029108973,0.000110131,0.00011828229,0.95039058,0.0033623858,0.016425513
20171212-094702-1.jpg,8,8,0.0002213313,0.00032850198,1.4699365e-06,0.011605993,0.00021205778,0.00010399293,0.00053543894,0.00041981917,0.98657149
20171025-091815-2.jpg,3,3,0.0013879517,0.00012031755,6.8051289e-05,0.99116081,0.0021631038,7.5069274e-06,1.379156e-05,0.00026429186,0.0048141526
20170811-110920-1.jpg,0,8,0.34279311,0.0056413552,0.00011427377,9.7447286e-05,0.00460468,0.00079468847,5.2134459e-05,0.30006486,0.3458375
20180119-111654-2.jpg,8,8,0.0075524258,0.01414082,0.00027600568,0.010889675,0.0025478029,0.0025656032,0.0054222015,0.026425214,0.93018019
20180109-070209-2.jpg,8,8,3.3669719e-05,0.003218852,0.00027533009,0.00078632456,0.00055881811,2.7333715e-05,0.080343589,0.00014719041,0.9146089
20180109-090634-2.jpg,8,8,0.0037104492,0.011783487,6.0289483e-05,0.0010258664,7.1957918e-05,0.012646642,0.0043863417,0.018121913,0.94819295
20180112-074748-2.jpg,8,8,0.0036321343,6.8926354e-05,0.0040458669,0.021365371,0.42138803,0.00038813826,5.3683787e-05,0.0012087029,0.54784918
20171025-095337-2.jpg,3,3,0.001259474,1.0924127e-05,6.3728716e-05,0.99292034,0.00062358897,7.7218084e-07,1.4711667e-06,0.00029402788,0.004825694
20170920-113017-3.jpg,2,8,0.0049816701,0.0010294148,0.24818783,0.017813941,0.34463421,0.0010648121,0.0084342668,0.0096023353,0.3642517
20170714-142557-3.jpg,1,1,0.00016536549,0.99897742,1.5355891e-06,1.4914322e-05,7.6802633e-07,2.2334402e-06,0.00022634232,0.00016961685,0.00044187301
20180112-102550-1.jpg,8,8,0.053731382,0.0015551278,0.00072798942,0.00037144209,0.00036619889,0.0012686665,0.00047847637,0.0027966017,0.93870419
20171220-100651-2.jpg,8,8,0.0027328404,0.023885313,1.4109738e-06,0.0014174606,7.0155929e-06,0.016501945,0.0031183257,0.0027252212,0.94961053
20171220-092648-3.jpg,8,8,0.0044326731,0.0023714502,9.4015653e-05,0.017506802,0.0053654867,0.0077159218,0.00074901833,0.0019268458,0.95983768
20170128-102701-0.jpg,8,8,0.046841323,0.052597906,0.013586255,0.065544046,0.10964367,0.0029515936,0.0032427581,0.13571359,0.56987894
20180322-121026-2.jpg,8,8,0.00071262987,0.00035675135,6.8317204e-06,0.00066291442,0.00015118023,2.977381e-05,2.4920617e-05,0.00049694598,0.997558
20170501-143307-0.jpg,1,1,0.13052312,0.77224374,0.00012156295,0.00011785667,0.00011255083,0.0087970933,0.0036357692,0.053911597,0.030536773
20171219-113945-2.jpg,8,8,0.0016040978,0.00038416448,0.088690802,0.0053976481,0.29895359,0.00075833447,0.0028062218,0.0013932537,0.60001189
20171113-134913-3.jpg,6,8,0.0031762125,0.0029198201,0.00075231906,0.0016637704,0.0026292356,0.00029598907,0.14279558,0.0029880214,0.84277928
20171220-082336-2.jpg,8,8,0.015373271,0.011777893,1.994074e-06,0.027371051,0.00043758258,0.0083063887,0.00010340238,0.0094463229,0.92718214
20170727-144459-1.jpg,4,4,0.0090484172,0.0033236037,0.039677206,0.03258073,0.60693014,0.21293633,0.0049228733,0.0076154768,0.082965165
20171025-090250-2.jpg,3,3,0.0017114811,5.9526512e-05,0.0007987569,0.98113811,0.012561375,2.1505793e-06,7.8167695e-06,0.00126948,0.0024513837
20171203-174215-3.jpg,8,8,0.0017295732,0.0031196575,6.2731946e-05,0.0060371379,0.0041535082,0.00040462238,0.0041503403,0.0037616619,0.97658062
20171113-144129-2.jpg,6,6,9.1188158e-05,0.0040147901,9.6434242e-06,5.837583e-05,1.1515368e-05,2.1148275e-05,0.99234855,0.0012751792,0.0021696496
20171219-105403-2.jpg,8,8,0.0048984243,0.0058009345,0.00018527776,0.093498744,0.0033771272,0.0056745685,0.00025708825,0.0038990232,0.88240874
20180322-115355-1.jpg,8,8,0.016108455,0.0021727197,8.8393317e-05,0.00074809254,0.0015509953,0.00011903336,2.1332227e-05,0.010728866,0.96846205
20171113-120526-2.jpg,6,6,9.1573311e-06,0.00043584168,6.0674616e-08,7.2347348e-07,8.5745121e-08,1.2232496e-05,0.99933857,0.00012605778,7.7214201e-05
20170217-114728-0.jpg,0,0,0.98225498,0.00010014514,1.2868605e-06,3.8679245e-06,1.9935908e-06,0.00044176335,6.0874416e-05,0.0030856614,0.01404945
20171219-114445-3.jpg,8,8,0.039742388,0.065570362,0.024693236,0.056687959,0.029407026,0.0010049536,0.0047859782,0.30782849,0.4702796
20180109-102846-1.jpg,8,8,0.0093176374,0.0066094724,0.00032370019,0.013936122,0.0036013506,0.00020952462,0.0003917946,0.030847641,0.93476278
20180112-103435-2.jpg,8,8,0.00051803782,0.002288576,0.0044205007,0.00038329742,0.0014008341,0.00018676114,0.01120053,0.00069066009,0.9789108
20171113-143231-2.jpg,6,6,5.4117034e-05,0.00031267758,2.0773548e-06,5.5166061e-06,3.5118826e-06,2.4701465e-05,0.99829274,0.00029986119,0.001004813
20170906-114354-1.jpg,3,8,0.01605569,0.0025654712,0.00067808386,0.12550004,0.0080129243,0.0052285502,0.0063092322,0.043010991,0.79263908
20171212-095827-3.jpg,8,8,0.00031923605,0.00089060224,8.8998277e-06,0.0051543321,0.00029637688,0.00018431405,4.7098907e-05,0.00027191729,0.99282736
20171203-165027-3.jpg,8,8,0.0005696601,0.010227649,3.1808877e-06,0.0023323232,8.6477412e-05,0.00013572563,0.00116395,0.00071438402,0.9847666
20171220-091422-3.jpg,8,8,0.0048116078,0.00040158763,1.4303243e-05,0.00038538428,0.00016133791,0.0012389907,0.0024610797,0.006385698,0.98414004
20170729-085848-2.jpg,4,4,0.00060619146,4.250502e-05,0.0028131227,0.0016959233,0.86379451,0.00011641951,0.00014559754,0.0010952278,0.12969051
20171109-091503-1.jpg,5,5,7.1223163e-05,0.00012261393,1.3454418e-07,2.5104349e-05,6.4151578e-07,0.98836923,0.00026456334,5.4452579e-05,0.01109213
20180109-095145-2.jpg,8,8,5.209331e-05,1.7548316e-05,4.3987031e-05,0.00019696236,0.00030162398,9.6456574e-07,0.00075471349,5.3494925e-05,0.99857855
20171220-091002-2.jpg,8,8,0.0020896166,0.00072310906,0.00013941269,0.0016420198,0.00015792662,0.26579079,0.00033666924,0.001761284,0.72735924
20180109-105051-1.jpg,8,8,0.00049731898,0.00018863466,0.00063489762,0.0025751211,0.00069847004,5.642313e-05,0.00078254857,0.00047839337,0.99408805
20170714-111357-1.jpg,1,1,0.0060668914,0.60569251,0.00017054852,0.0081678815,0.00092526997,0.0025313611,0.064779237,0.026828399,0.28483796
20180125-093331-2.jpg,8,8,6.3734777e-05,3.5566321e-05,7.0095989e-06,0.00011915323,0.00067383266,8.5867832e-06,2.3143117e-05,2.2465547e-05,0.9990465
20180322-105411-1.jpg,8,8,0.0033552472,0.0016087034,0.00020444549,0.002483621,0.0063710702,0.00042287254,7.5388954e-05,0.0044475906,0.98103106
20180125-131900-3.jpg,8,8,0.061222672,0.065078214,0.00054606597,0.0050253742,0.018967055,0.0013656943,0.00035891068,0.1339519,0.71348417
20171113-061420-1.jpg,6,6,7.2076786e-05,0.0034394604,6.6476212e-05,7.5912576e-05,0.00013019073,0.00012446461,0.89414471,0.00026199318,0.10168476
20180112-083705-1.jpg,8,8,0.014431384,0.013515889,8.4649422e-05,0.0031924476,0.015042538,0.00022469976,0.00052162487,0.040135875,0.91285086
20180109-085829-1.jpg,8,8,0.017908866,0.0034662578,6.066974e-06,0.0015613551,4.3381231e-05,0.0019259395,0.00012881376,0.012047332,0.96291196
20180322-133832-1.jpg,8,8,0.00016030572,9.942527e-05,0.00117972,0.0020350635,0.0020587863,1.3983333e-05,0.00019729075,0.00019236392,0.9940632
20170811-103503-2.jpg,0,8,0.14954028,0.031235294,5.6216741e-05,0.00087768032,0.0017005388,0.0010228709,3.350995e-05,0.30075276,0.51478088
20171113-142008-2.jpg,6,6,2.6362111e-05,0.00047247362,2.0568579e-05,3.8361075e-05,2.0037e-05,8.9009354e-06,0.98872131,0.00014253113,0.010549542
20170129-104031-0.jpg,8,8,0.015014371,0.24364015,0.0001726312,0.02508351,0.0012882893,0.0022294358,0.074072935,0.19446902,0.44402963
20170127-101528-0.jpg,1,1,0.0062041115,0.9767198,0.00016697716,0.00071210746,4.2126456e-05,0.00024620784,0.0016483545,0.0044960245,0.009764296
20170729-154105-3.jpg,4,4,0.00043018942,1.0816745e-05,0.00076720829,0.0012412736,0.98621297,3.3832854e-05,1.1731671e-05,0.00027940737,0.011012509
20180125-093851-2.jpg,8,8,0.00011827306,0.00014948692,2.464391e-05,0.00077035662,0.0077901343,1.5208628e-05,0.00015601447,0.00022684282,0.99074882
20170727-113629-1.jpg,4,4,0.0010897631,2.1389942e-05,0.019243248,0.0013851011,0.95108008,0.0012773775,5.1599713e-05,0.00035914508,0.025492255
20170501-144408-0.jpg,1,1,0.0015147354,0.93842012,9.4876577e-07,9.7916389e-05,2.9623168e-06,3.8428807e-05,0.019751202,0.0014849122,0.038688906
20161207-111609-0.jpg,0,0,0.68386757,0.10212433,8.3077348e-06,2.247223e-05,2.8793982e-06,0.053152695,0.0009528235,0.12592843,0.033940569
20171113-123457-3.jpg,6,6,1.6561624e-05,0.0039730635,7.1902343e-07,6.1593282e-06,9.3353594e-07,4.2172828e-06,0.99520928,0.00055162288,0.00023742091
20180119-112904-2.jpg,8,8,0.016213765,0.0068313954,0.0013869202,0.053319775,0.011272447,0.0003050846,0.0014154473,0.018668313,0.89058691
20171025-092022-2.jpg,3,3,0.027988888,0.00034730494,0.00042204635,0.92399442,0.017164046,3.759492e-05,2.2275037e-05,0.0064471378,0.023576353
20180112-094723-1.jpg,8,8,0.00080835744,0.00077697175,0.00031463138,0.00076702127,0.0025406738,0.00021437446,0.014603323,0.0014556805,0.97851896
20171220-091912-2.jpg,8,8,0.0017571676,0.0034134085,4.103239e-06,0.00038935736,2.7091013e-05,0.064493671,0.0045898366,0.00094992988,0.92437553
20171109-094205-3.jpg,5,5,0.00015354235,3.8105867e-07,9.38483e-08,1.3989445e-06,2.1655697e-07,0.99966538,6.6331049e-05,2.4382709e-05,8.821964e-05
20171220-094629-1.jpg,8,8,0.00011095365,0.00087034929,3.6942933e-07,0.0015641088,2.4091632e-06,0.00098390423,0.00027939057,0.002787489,0.99340111
20170920-130628-2.jpg,2,2,1.7512752e-05,1.2973281e-05,0.99928802,0.00011057702,0.00035130046,0.00010620355,2.761585e-05,2.4789592e-06,8.3294013e-05
20171025-093428-3.jpg,3,3,0.0017758964,1.2061557e-05,0.00039581774,0.95475453,0.040998504,7.1542513e-07,7.2436728e-07,0.0007541526,0.0013076015
20170729-090036-1.jpg,4,4,0.0035465632,0.0001681679,0.00052016228,0.00076495047,0.70348608,8.4518888e-06,0.0005273454,0.039658014,0.25132021
20180112-075910-2.jpg,8,8,0.376665,0.00085619092,0.0024667305,0.029422523,0.038565263,0.00065856031,9.7984965e-05,0.070636354,0.48063153
20171205-141306-2.jpg,8,8,0.011013903,0.22292747,2.2528178e-05,0.023928711,0.00033867394,0.0073582446,0.010975532,0.021189803,0.70224518
20170210-150245-0.jpg,0,0,0.99905127,1.6209628e-06,1.5448194e-07,6.7029509e-07,3.6991062e-07,0.00014324757,4.7551347e-07,0.00043462057,0.00036748464
20170920-190354-1.jpg,2,2,0.00077322958,6.3030093e-05,0.91005081,0.0011254727,0.078235321,0.00047666245,0.00051811384,0.0011070058,0.0076503213
20180125-134659-3.jpg,8,8,0.015217795,0.010842017,3.4518394e-05,0.004549941,0.004458392,0.00010447119,0.0027585549,0.0072523504,0.95478201
20171219-113420-2.jpg,8,8,0.0040090415,0.0029955488,0.0022223589,0.047589846,0.11555204,0.025686584,0.008692544,0.0025013189,0.79075068
20180109-090433-2.jpg,8,8,0.041777842,0.0065571535,6.3280015e-05,0.010203667,0.001147865,0.004945192,0.00038304317,0.017499583,0.91742241
20180119-110246-1.jpg,8,8,0.00033785179,0.00064884149,3.8455677e-05,0.00013260043,0.00013121979,4.2417792e-05,0.0051873298,0.00077695161,0.99270439
20170718-132000-2.jpg,0,3,0.0079746386,0.0020100647,0.00046457865,0.56393987,0.34407362,5.7319816e-05,0.00018806582,0.01956361,0.061728254
20180125-095833-2.jpg,8,8,1.8132827e-05,1.8649238e-06,1.3087716e-05,0.00032622053,0.0001010107,0.00018833726,0.00096776633,1.2309754e-05,0.99837142
20171212-100832-1.jpg,8,8,0.0036313166,0.00165596,0.00014601459,0.058088366,0.011657241,0.0009544894,0.0015733426,0.0068684644,0.91542464
20180105-104242-1.jpg,8,6,0.0003291546,0.016328404,0.0011760172,0.00051078189,0.0010580432,0.00099517638,0.49146765,0.0014293155,0.48670545
20180322-125629-1.jpg,8,8,0.0017815857,0.0011369941,0.0010720073,0.00068897032,0.012884292,0.0051513016,0.00030699297,0.00036151675,0.97661632
20171220-092853-2.jpg,8,8,0.023264283,0.0050851507,4.1267725e-05,0.00062327093,3.2888893e-05,0.014481571,0.42134458,0.031631928,0.50349504
20171218-110743-3.jpg,8,8,0.014683335,0.0066072079,0.0008154895,0.0038743049,0.0027962087,0.0018612826,0.00024585702,0.0041062818,0.96500999
20170920-112347-3.jpg,2,2,7.8590805e-05,1.1742162e-05,0.99106127,0.00037981186,0.0045193722,9.2772396e-05,0.00041723164,4.8226724e-05,0.0033909711
20170217-102058-0.jpg,0,0,0.93146169,0.00017334645,2.700969e-05,3.9098049e-05,2.1885591e-05,0.00067676307,0.00012506054,0.0036877263,0.063787542
20170217-114614-0.jpg,7,7,0.0016814601,3.5438527e-05,1.7818878e-07,5.1854732e-07,2.4867919e-08,0.00012936878,1.6238367e-06,0.99730682,0.0008445399
20171121-084446-1.jpg,6,6,1.2557146e-05,0.00086716854,3.1929727e-07,3.0859426e-06,2.8501515e-06,1.6535355e-06,0.99887198,0.00019430323,4.6012367e-05
20180112-071458-2.jpg,8,8,0.0027902562,0.0003632585,0.0020181402,0.0011649141,0.24502945,5.6512545e-05,0.0018595259,0.0066779447,0.74003989
20170906-104727-1.jpg,3,4,0.0066410634,7.336765e-05,0.00030638152,0.018550055,0.94224632,1.0227755e-05,1.3284335e-05,0.010644753,0.021514563
20171219-101807-3.jpg,8,8,0.013609055,0.019200912,6.3841985e-06,0.0066708229,0.00050742482,0.00091791071,4.7571666e-05,0.0046862825,0.95435375
20170627-103832-0.jpg,0,0,0.63846946,0.0038513832,0.0055114222,0.00052098796,0.019770388,0.0024148861,0.00078634068,0.29160529,0.03706992
20180322-104232-2.jpg,8,8,0.0032588192,0.0011069392,1.7354596e-05,0.00030985498,0.0027887439,9.6139658e-05,1.0257332e-05,0.0054989979,0.98691285
20171113-162247-0.jpg,6,6,0.00026365748,0.008335867,1.1124567e-05,3.9032046e-05,1.5315723e-05,3.0055213e-05,0.98860532,0.0013379988,0.0013615853
20171102-120206-1.jpg,2,2,0.00023118942,8.1071652e-05,0.93321544,0.00013719902,0.00037382531,5.8246831e-05,0.00043846737,8.3034749e-05,0.065381646
20170920-162359-3.jpg,2,8,0.0038052634,0.0019140309,0.25618407,0.020713089,0.25020683,0.0012393525,0.0093797138,0.010211295,0.44634634
20180109-090148-2.jpg,8,8,3.1845233e-05,0.00040699088,4.6122659e-05,0.00025439248,0.00012565029,1.1028922e-05,0.0016778451,7.562431e-05,0.99737036
20170304-131504-0.jpg,7,7,0.0013640962,0.013913357,0.00023042668,0.00019829348,7.7806879e-05,7.0896218e-05,0.022297943,0.93876481,0.023082415
20180322-103015-1.jpg,8,8,0.001007652,0.00047018906,3.101875e-05,0.0075204284,0.01463704,0.00030883722,2.7138554e-05,0.00028869329,0.9757092
20180109-091548-2.jpg,8,8,0.0084804157,0.002329387,8.8179171e-05,0.0011068181,0.0022726052,0.0001583687,0.003453146,0.0099647408,0.97214633
20170727-155224-1.jpg,8,4,0.0022029111,7.8682002e-05,0.025821324,0.029106461,0.8182072,0.012438443,0.00090088526,0.00095307204,0.11029116
20171109-090345-1.jpg,5,5,1.1853418e-05,7.9508854e-06,7.0505855e-08,4.8971883e-06,1.2708858e-07,0.99760652,1.3514416e-05,2.1201438e-06,0.0023528237
20180125-100520-1.jpg,8,8,1.3696078e-05,1.0466418e-06,2.0155242e-06,1.1358151e-05,0.00012595003,3.8190665e-06,4.9819973e-05,3.6231133e-06,0.9997887
20180125-130025-3.jpg,8,8,0.0048950729,0.0036108205,0.00014021581,0.0031890599,0.010890827,0.00011634304,0.00049902248,0.0074130856,0.96924531
20180109-095047-1.jpg,8,8,0.0013980349,0.00016954265,1.6005024e-05,0.0029610146,0.0016936644,4.4826816e-06,1.3705551e-05,0.0020634588,0.99168009
20170210-131107-0.jpg,7,7,0.08820112,0.0033262081,0.0001335881,0.00070381182,0.00032715808,0.0044567348,0.048052568,0.4839007,0.37089816
20180322-113006-1.jpg,8,8,0.0083876047,0.00096960569,0.00056234596,0.015241656,0.083900854,0.00015317983,0.00017667955,0.0057537621,0.88485438
20170217-151558-0.jpg,0,0,0.75931501,0.0019199157,2.4496273e-07,1.2012101e-05,1.834191e-07,0.00021154994,4.3966547e-06,0.23614648,0.0023901407
20170501-145105-0.jpg,8,8,0.024497336,0.047084011,0.0025025024,0.03985361,0.007381123,0.029700316,0.019696729,0.085371517,0.74391276
20170410-153521-0.jpg,7,7,0.005647629,0.0030271527,1.7297696e-06,5.9516035e-05,3.4777877e-06,9.4658084e-05,1.2556475e-05,0.99011236,0.00104089
20170714-142207-2.jpg,1,1,0.0027537378,0.98960716,1.1736333e-07,3.6664733e-05,2.3242053e-06,6.3564635e-06,3.1059939e-05,0.0068219327,0.00074053847
20170706-110442-0.jpg,7,7,0.005546588,0.029497191,0.00010863576,0.0010219766,0.00031479678,0.00028904559,0.26954639,0.66334289,0.030332457
20170727-113637-3.jpg,4,4,0.0021225568,4.173124e-05,0.11389638,0.0034559185,0.73915571,0.012921986,0.0018689227,0.0021045592,0.12443229
20180119-110902-2.jpg,8,8,0.00015858038,0.00033105217,5.6385528e-07,0.00040808436,2.6356802e-06,0.0005863338,3.0211611e-05,0.00023618089,0.99824631
20171102-122027-1.jpg,2,8,0.075822875,0.02090567,0.039630156,0.030654544,0.016060906,0.032912187,0.01158667,0.060554881,0.71187204
20180112-072609-1.jpg,8,8,0.0036519675,0.0087606655,0.0041175662,0.0047769998,0.035671998,0.00051683735,0.0066667553,0.023526024,0.91231138
20170217-095604-0.jpg,7,7,0.00032425253,5.9610675e-06,1.4620432e-08,3.9213568e-08,5.5827956e-09,1.3674349e-06,1.6151977e-05,0.99957484,7.7329962e-05
20180112-103511-2.jpg,8,8,0.00036570907,0.00054721843,0.0010444334,0.00014191911,0.00049719925,1.8332528e-05,0.0076052989,9.3729126e-05,0.98968619
20170920-133501-2.jpg,2,2,0.00092932314,0.00013660562,0.95673192,0.0094406726,0.019932067,0.0027849693,0.0003601599,0.00051965984,0.0091645541
20180112-072247-2.jpg,8,8,0.0074248728,0.00055964611,0.0057503097,0.0035452216,0.30844197,0.0017375688,0.0002693506,0.0050746016,0.66719651
20171113-121115-1.jpg,6,6,5.5389381e-05,0.0004042309,9.8791975e-07,2.2862592e-05,5.2895593e-06,4.6799327e-05,0.98902941,0.00024253773,0.010192545
20180119-110317-2.jpg,8,8,0.0017313851,0.0012731485,0.00052471418,0.00086948619,0.023359362,9.1685484e-05,0.00079757953,0.0036320647,0.96772063
20180105-102443-1.jpg,8,8,1.4839936e-05,3.6901633e-06,7.9528458e-05,4.2969882e-06,6.6493398e-05,9.9264153e-06,0.0013312523,6.9323855e-06,0.99848312
20170304-130721-0.jpg,7,7,0.085421987,0.0026663768,2.2514682e-06,0.0001561995,6.8288966e-05,2.4319545e-05,0.0010598525,0.90658975,0.0040109898
20171212-103958-3.jpg,8,8,0.01560305,0.026235815,0.00025910922,0.0023713964,0.00074906705,0.0049832501,0.00049308164,0.0081667667,0.94113827
20180119-105340-2.jpg,8,4,0.037755787,0.066052742,0.0017828682,0.020741867,0.44851449,0.00050206977,0.0012404944,0.098749809,0.32465985
20180322-112902-2.jpg,8,8,0.0034859153,0.00076803291,7.415811e-05,0.0062191952,0.017694879,1.8974095e-05,3.3810658e-05,0.0021596334,0.9695453
20170913-104008-1.jpg,3,8,0.011028429,0.01303386,0.016699007,0.070270054,0.27692667,0.016257042,0.0021616705,0.0081218844,0.58550143
20170718-131820-2.jpg,7,7,0.023176908,0.038233306,3.176049e-05,0.0014456087,0.00059835415,0.00011598264,0.00034355049,0.92160064,0.01445391
20170906-115034-1.jpg,3,4,0.024122957,0.0017264421,0.13413325,0.21682824,0.5158537,0.00045704434,0.0016988886,0.03554998,0.069629505
20171220-100224-2.jpg,8,8,0.012102791,0.0064905835,7.8282603e-05,0.0084068486,0.00021569961,0.011903916,0.0013788702,0.017183753,0.94223922
20180322-103233-1.jpg,8,8,0.00025161071,0.00014240062,1.2147857e-05,0.00027494808,0.0020673871,2.8834806e-05,1.1083736e-05,0.00029046455,0.99692118
20180105-091553-2.jpg,8,8,1.3835257e-05,1.5337106e-05,0.0052966867,8.349677e-06,0.0001497506,3.0571518e-05,0.0023747217,3.2648763e-06,0.99210745
20170304-131421-0.jpg,7,1,0.01317103,0.49003428,6.9630711e-05,0.00042009831,0.00013305427,0.0022510104,5.8988619e-05,0.46303385,0.030827967
20171121-072911-1.jpg,6,8,0.0023452924,0.13386112,3.8707029e-07,0.00011859339,3.4305795e-06,0.00019144868,0.3745074,0.00034885734,0.48862338
20171220-095959-2.jpg,8,8,0.014372973,0.012389309,2.5628469e-05,0.0067632613,0.0001506072,0.0073297401,0.00055324537,0.0064689792,0.95194632
20170906-113231-4.jpg,3,3,0.011766285,0.00025674512,0.015015239,0.60444337,0.21270128,4.5972436e-05,0.00021552564,0.022048276,0.13350739
20170126-095436-0.jpg,1,1,0.05777343,0.84177893,1.8638873e-05,0.0011025206,5.7213914e-05,0.0013025553,1.4035802e-05,0.070108719,0.02784401
20180109-105713-2.jpg,8,8,0.01719759,0.0013730708,0.00068607624,0.056730021,0.0066419849,8.8134897e-05,0.00067652785,0.010273396,0.90633315
20170630-151508-0.jpg,7,7,0.040842086,0.0014424088,0.00015857881,0.0001726776,0.000752174,0.00025911254,0.00060111802,0.92586648,0.02990539
20170913-120255-1.jpg,5,8,0.051430594,0.002818269,0.0025614786,0.039428279,0.031253751,0.33299804,0.0016629341,0.034722831,0.50312376
20180112-070815-2.jpg,8,8,0.012340524,0.013236007,0.00053351623,0.030123582,0.27854276,0.044804651,0.00087058131,0.071066439,0.54848188
20171217-183516-2.jpg,8,8,0.013982125,0.008953982,1.2387607e-05,0.14096794,0.00027481615,0.20010942,0.00056961231,0.027444081,0.60768563
20171220-095237-1.jpg,8,8,0.00098402903,0.00014837961,2.4836882e-07,2.396176e-05,4.5685829e-06,0.00018015405,3.2751592e-05,2.8756636e-05,0.99859732
20171122-101811-1.jpg,5,5,0.00029063248,0.00029109517,1.6053986e-06,5.8479684e-05,1.8244749e-06,0.99501592,0.0013212489,8.9448353e-05,0.0029297273
20180322-120755-2.jpg,8,8,0.00018247751,0.00056174613,1.5743173e-05,0.00034476176,0.00044567877,3.5058074e-05,5.836978e-05,0.00049847033,0.99785775
20180105-093220-2.jpg,8,8,2.5985913e-05,0.00027396239,0.00032698634,5.5128294e-05,0.00010383001,4.1706902e-05,0.017356826,2.8057679e-05,0.98178744
20171219-103149-3.jpg,8,8,0.0094733406,0.021637654,1.1083999e-05,0.0085157352,0.00026606291,0.0026805189,0.00020427162,0.012520561,0.9446907
20170920-184751-1.jpg,2,2,5.2655359e-05,9.8043629e-06,0.99572456,0.00067935738,0.0011743819,0.0021987241,1.9247889e-05,2.3595458e-06,0.00013902374
20171220-090253-2.jpg,8,8,0.0013345856,0.0019937202,8.3588893e-06,0.0061123697,0.00024628959,0.0010264255,0.00012260232,0.0012146314,0.98794109
20180109-091516-2.jpg,8,8,0.00057305221,0.0012513878,3.9023591e-05,0.00019500504,1.7011278e-05,0.0089589208,0.0020218028,0.00081208488,0.98613155
20170920-134448-2.jpg,2,2,5.3545555e-05,5.0774441e-05,0.9972651,0.00012469356,0.0011712714,0.00036077492,0.00025695347,2.691002e-05,0.00069001195
20170704-153924-0.jpg,0,8,0.033974603,0.10009677,0.050210681,0.012333754,0.0081171859,0.00067845819,0.089303978,0.1052077,0.60007697
20180322-130146-1.jpg,8,8,0.00061940902,0.002870732,0.0002097949,0.013327501,0.0018974534,0.00011040654,4.3673273e-05,0.00035597343,0.98056501
20180109-100036-1.jpg,8,8,0.0096914032,0.002527457,0.00033641176,0.0024395725,0.00076459919,0.0039810194,0.011312352,0.027706062,0.9412412
20180112-071308-2.jpg,8,8,0.016495889,0.0010910904,7.8633158e-05,0.021491736,0.20301607,7.1735353e-06,1.2775203e-05,0.041547645,0.71625888
20180109-073038-2.jpg,8,8,0.00020855064,0.00036569469,0.093566254,0.00042061586,0.0027584676,0.00029228383,0.016551226,0.00022075791,0.88561618
20180112-094600-1.jpg,8,8,0.0029789875,0.0041695158,5.7572111e-06,0.00011793495,0.00015417201,2.8281667e-05,3.1384945e-05,0.0015118602,0.99100214
20170727-130335-3.jpg,4,4,0.00072268519,4.3509635e-06,0.011594838,0.001924995,0.97578055,0.00026335471,2.4637688e-05,0.00028976536,0.0093947835
20170130-102228-0.jpg,1,1,0.0077080573,0.97400284,0.002007904,0.00045341469,8.2608007e-05,0.0010152817,0.00069824082,0.0052359081,0.008795849
20171218-120702-2.jpg,8,8,0.0013450856,0.00254339,9.3436165e-06,0.00021084849,0.00010355138,0.0024947945,0.0030063035,0.00087791646,0.98940873
20180112-080505-1.jpg,8,8,0.016472446,0.0046900692,0.00014805068,0.082370713,0.042083524,0.00015830138,0.00010909516,0.029131677,0.82483602
20171218-120837-3.jpg,8,8,0.0062704156,0.11710977,6.3967345e-05,0.0018828888,5.9170168e-05,0.086180188,0.068511434,0.088811383,0.63111091
20180119-113022-2.jpg,8,8,0.0044075395,0.00099144201,0.00014496876,0.00469075,0.00042911735,3.559473e-05,0.00067694153,0.0027106379,0.9859131
20170715-120335-1.jpg,1,1,0.0012885462,0.99604815,8.9535979e-06,3.1589003e-05,7.1198156e-06,2.7516813e-05,0.00083384995,0.0003727302,0.0013815588
20170304-131443-0.jpg,7,7,0.0012956832,0.0017730956,8.6285763e-06,9.7320217e-06,2.1199266e-06,0.00030256496,0.0095361369,0.98448873,0.002583262
20170501-144852-0.jpg,8,8,0.0056785033,0.0034477455,0.00048001989,0.0010933368,0.011444051,0.00012592063,0.0074449009,0.026884777,0.94340074
20171218-103315-2.jpg,8,8,0.0020363932,0.033982225,3.8060198e-06,0.0054927454,0.00015063721,0.0028812224,0.00027144165,0.00080558,0.95437598
20171220-100127-2.jpg,8,8,0.0016640701,0.0043428098,3.4224058e-06,0.0053883842,1.2061675e-05,0.010104257,0.00078017754,0.0011191649,0.97658551
20170501-145700-0.jpg,8,8,0.36416975,0.01042904,0.003140698,0.016059408,0.016932424,0.0010514549,0.00059280859,0.038209062,0.54941535
20180322-103313-1.jpg,8,8,0.0027866531,0.00036529725,0.00021340667,0.0080940472,0.013399716,0.00024667679,6.8746071e-05,0.00087359402,0.97395194
20171121-083431-1.jpg,6,6,0.0006594627,0.053640515,8.62653e-06,6.0270024e-05,1.4839666e-05,0.00010507141,0.91556513,0.0033467116,0.026599426
20180109-071013-2.jpg,8,8,8.2801471e-06,0.00021328362,9.528846e-06,3.877026e-05,1.57996e-05,0.00017594214,0.041959159,7.9802421e-06,0.95757127
20171205-124724-2.jpg,8,8,0.0010841226,0.00074302958,7.1228154e-05,0.0029560879,0.00029256451,0.47957864,0.0014139909,0.00083336484,0.51302695
20180125-094245-2.jpg,8,8,9.6297728e-05,2.514347e-06,0.00010508473,4.1773757e-05,0.00051876419,1.3649562e-05,0.00014848364,5.8841819e-05,0.9990145
20171219-104556-3.jpg,8,8,0.00061657,0.0016222526,2.5288215e-05,0.00030038334,0.00010472182,0.00083980843,0.0005883624,0.00079382054,0.99510878
20180109-085326-2.jpg,8,8,0.13021772,0.27088702,0.0011570352,0.015464898,0.005072834,0.0015927095,0.00049024337,0.22755402,0.34756356
20170727-152935-1.jpg,4,4,0.0017235733,0.00071476953,0.00047604155,0.0024674523,0.54647529,0.00012966903,0.0010542184,0.014477895,0.43248114
20171220-084716-2.jpg,8,8,0.00089598109,0.084574789,5.5004516e-06,0.037953429,4.1933938e-05,0.0028874627,0.0062543391,0.00082629541,0.86656034
20171113-101750-1.jpg,5,5,0.00055001437,0.00041544394,1.8771243e-07,0.00037545461,2.4201796e-07,0.55986851,3.7054253e-06,0.0001147177,0.43867171
20180322-103138-1.jpg,8,8,0.0019917821,3.9299161e-05,0.017577769,0.0016129575,0.39342842,0.0072488971,0.00040769274,0.00081515807,0.57687801
20180109-091418-2.jpg,8,8,3.1818815e-06,7.3214273e-05,1.1379628e-07,2.0501369e-05,5.2337998e-07,0.00022249155,0.0018728906,2.4642511e-06,0.99780446
20171203-174106-3.jpg,8,8,0.0035892625,0.10312743,3.1093863e-05,0.048028555,0.0020184354,0.00084520917,0.00018086101,0.0030929516,0.83908617
20180322-113656-2.jpg,8,8,0.0002642739,0.0018063856,1.9996791e-05,0.011068081,0.002628526,8.3243081e-05,0.0002861649,0.0011836414,0.9826597
20180119-115103-2.jpg,8,8,0.0025744983,0.0028484925,0.00020043338,0.017622344,0.001151266,0.0016686488,6.5580556e-05,0.0016941068,0.97217464
20171121-091048-3.jpg,6,6,6.1928872e-06,3.2552052e-05,3.2152794e-08,2.4683069e-07,1.5782e-07,2.3610277e-05,0.99976271,0.00015043349,2.414281e-05
20170728-152148-3.jpg,8,8,0.00026572199,4.1384043e-05,5.6405508e-05,0.067074969,0.37876868,7.2037248e-05,0.00016516859,0.00024094377,0.55331469
20171220-101348-2.jpg,8,8,0.0043863901,0.0045973319,1.1302711e-06,0.00084706902,1.7026308e-05,0.0023055321,0.0022532633,0.0090987859,0.97649336
20180109-080233-1.jpg,8,8,0.0019104958,0.00088410761,5.6699369e-05,0.00029886008,0.0003330796,0.00088777277,0.009783837,0.00049795076,0.98534715
20170727-164122-3.jpg,4,4,0.0027697904,0.0015899297,0.00045398725,0.024223387,0.90473664,0.00021085686,0.00043059289,0.011010249,0.054574568
20180119-111241-1.jpg,8,8,0.032465421,0.016438585,0.00039276702,0.006682741,0.0063064625,0.00017056409,0.0010404806,0.074465647,0.8620373
20171220-100614-2.jpg,8,8,0.0003602221,0.0065260618,1.5869387e-07,0.00059498067,7.262359e-07,0.00036411497,0.013192074,0.0008698047,0.9780919
20180109-105810-2.jpg,8,8,0.0064002983,0.0081907175,0.0027049663,0.025286321,0.007946643,0.0018221784,0.0032652805,0.010560866,0.93382281
20170920-171224-3.jpg,2,2,2.8420507e-06,9.9968884e-07,0.99975389,1.6435693e-05,0.00015991843,1.9444649e-05,1.6369993e-05,9.9266163e-07,2.9113979e-05
20180125-102050-2.jpg,8,8,5.6184449e-06,1.958954e-06,1.5364039e-07,0.00059251592,4.0899658e-06,0.00029881566,5.4156517e-05,8.0469414e-07,0.99904197
20180119-110018-2.jpg,8,8,0.063061766,0.118639,0.0022446881,0.023854518,0.058428351,0.0013585993,0.0037762432,0.078708977,0.64992791
20170210-144941-0.jpg,7,0,0.87947977,5.0386545e-05,3.1735678e-06,6.3612638e-06,9.4630996e-06,4.0941479e-05,0.00018171474,0.11257868,0.007649546
20170128-103437-0.jpg,8,8,0.084430024,0.30466589,0.0044939071,0.086059853,0.015010844,0.0010948692,0.002239153,0.073539235,0.4284662
20180105-102401-1.jpg,8,8,3.3780692e-05,6.6891771e-05,6.2235624e-05,1.6049447e-05,0.00016167853,1.2865076e-05,0.0030676234,5.7811769e-05,0.99652112
20170501-143232-0.jpg,1,1,0.12348533,0.64465344,0.00024135836,0.00038490855,0.0002783064,0.057408258,0.0056204321,0.14383087,0.024097204
20171102-122109-2.jpg,2,2,0.00019867848,9.99447e-05,0.9327268,0.00011374945,0.00082884292,0.00020575454,0.00052024063,0.00012277426,0.065183319
20170129-103921-0.jpg,8,1,0.08718013,0.5021435,0.0010680928,0.022871077,0.00054330728,0.011324815,0.0087743653,0.18818475,0.17791
20170913-104923-2.jpg,3,3,0.00069689285,0.0011079715,0.00021429455,0.8148821,0.0099966684,0.0098285908,0.0031179183,0.00045130114,0.15970425
20180322-104617-1.jpg,8,8,0.0076652113,0.0085006524,0.0023515695,0.011721842,0.061646271,0.011129506,0.00079784181,0.022852177,0.87333506
20180105-100830-3.jpg,8,8,0.0010790811,0.00026924568,0.0031257435,0.00054055022,0.0072436123,0.00022953082,0.009335422,0.0016506152,0.9765262
20180322-114503-1.jpg,8,8,0.005562332,0.0003549018,4.7076879e-05,0.00067491614,0.00098236254,6.2543331e-05,6.5924837e-06,0.0013582601,0.99095106
20180125-100444-2.jpg,8,8,0.00027789341,0.00014764158,3.7752973e-06,0.0018215121,4.3176129e-05,0.0007545643,0.0017076905,2.2166403e-05,0.99522167
20171102-120158-2.jpg,2,2,0.00074461853,2.8883009e-05,0.93506473,0.031875346,0.023538958,7.1262903e-06,0.00019216091,0.00024525262,0.0083028162
20170727-113032-1.jpg,4,2,0.0006475955,0.00010107791,0.76751697,0.015082305,0.19583589,0.011954212,0.0012739574,0.0001227071,0.0074653388
20171218-122332-3.jpg,8,8,0.00087698159,0.0095536467,2.902346e-05,0.0088939397,0.00085260492,0.0038714027,0.0014428904,0.0014131477,0.97306639
20170210-142658-0.jpg,7,7,0.01565282,0.027545419,0.0011767946,0.00025044152,0.00042482826,0.069118172,0.00050844706,0.87143797,0.013885158
20170217-111728-0.jpg,0,0,0.93295813,0.00079785939,4.0085843e-06,1.8201092e-05,4.0246878e-06,0.00050206919,2.2754011e-05,0.00078958482,0.064903401
20180112-072230-1.jpg,8,8,0.001368897,0.0046274536,0.00080984278,0.0013631202,0.00083159155,0.00056863145,0.0021149619,0.0022410229,0.98607463
20180322-132514-1.jpg,8,8,0.002716942,0.0017748574,9.7797747e-05,0.0062437034,0.30711177,0.00067442807,6.9433088e-05,0.0060388814,0.67527217
20180125-092848-1.jpg,8,8,4.4223474e-05,0.00011584092,7.6218879e-07,4.1171112e-05,8.3008024e-05,1.9817591e-05,5.3211639e-05,9.6828138e-05,0.99954504
20170920-113109-3.jpg,2,2,6.5474902e-05,3.2472821e-05,0.99326766,0.00049499067,0.0022370943,0.00037172658,0.00033013258,3.4680663e-05,0.0031658923
20180322-112847-2.jpg,8,8,0.00011971354,0.00011875835,0.003328349,4.9397662e-05,0.0021486413,8.5462925e-05,0.040598549,7.1269387e-05,0.95347983
20170920-184447-1.jpg,2,2,4.544171e-05,1.7934482e-06,0.99180025,8.0848768e-05,0.0054241,7.0019974e-05,2.8384322e-05,2.987647e-05,0.0025191812
20180109-092548-2.jpg,8,8,0.0012308815,5.0361371e-07,5.6699054e-07,4.7039924e-07,1.4544584e-06,2.4810934e-05,0.0001622233,0.00010863346,0.99847049
20171113-120510-3.jpg,6,6,3.0466155e-05,0.0012275585,2.2491322e-05,6.2199106e-05,4.8467973e-05,0.00014507973,0.78337163,4.1798943e-05,0.21505028
20170217-114617-0.jpg,7,1,0.039461128,0.79724807,3.9748153e-05,2.5289328e-05,6.3786438e-06,0.044390898,0.00037126709,0.1042735,0.014183825
20170706-112430-0.jpg,7,8,0.051599972,0.022588264,0.002108712,0.22949223,0.21593322,0.00089237961,0.00026352843,0.17408171,0.30304009
20180109-091536-1.jpg,8,8,0.0011714348,0.014984194,3.5029094e-05,0.00067136565,0.00047157233,1.8672528e-05,0.0040676184,0.0069101877,0.97167015
20171218-115155-3.jpg,8,8,0.00010509097,0.00011648619,1.2079532e-05,0.001899178,3.103806e-05,0.007554376,0.00042704109,9.1774113e-05,0.98976302
20170501-145850-0.jpg,8,8,0.031403888,0.0024335317,0.010152518,0.038385276,0.063898362,0.0050942851,0.004495299,0.1778083,0.66632849
20171113-120543-3.jpg,6,6,2.2498996e-05,0.00088889338,3.2660819e-07,3.5661139e-06,8.0553639e-07,8.13105e-05,0.99781173,3.3251585e-05,0.0011576038
20180112-074204-1.jpg,8,8,0.0015027307,0.00019932112,2.0191148e-05,0.00044287011,0.0076770931,7.7323148e-06,2.1860234e-05,0.018841609,0.97128671
20180109-105851-1.jpg,8,8,0.00084335962,0.0010510955,0.0024514052,0.00044523424,0.001020543,0.00010118843,0.0014609866,0.001630649,0.99099547
20180112-071152-2.jpg,8,8,0.0096203275,0.0023078239,0.0006365155,0.0040803421,0.12296303,0.00031945141,0.0010085031,0.0274422,0.83162171
20171109-071315-1.jpg,5,5,3.5473124e-05,0.00020420675,2.7037842e-07,8.8444385e-06,3.4721947e-07,0.99902904,2.2000111e-05,1.4074941e-05,0.00068570382
20171109-071800-3.jpg,5,5,0.00021269616,5.7626479e-05,1.1700223e-06,6.4095068e-05,1.4457765e-05,0.9613418,0.0067774081,3.7196089e-05,0.031493478
20180109-074420-2.jpg,8,8,0.000453032,0.00019190642,4.1292897e-06,2.4071594e-05,6.620844e-06,3.2664295e-05,0.0052157664,4.162762e-05,0.99403024
20180105-093622-2.jpg,8,8,5.8976286e-05,9.6271135e-05,0.0016479227,3.8008438e-05,0.00057904603,2.9215127e-05,0.013729743,4.6414218e-05,0.9837743
20180112-100852-1.jpg,8,6,0.0003726827,0.0023387291,0.00016079692,0.00019054793,0.00020470648,0.00015739084,0.87159628,0.00058061513,0.12439825
20171220-100727-1.jpg,8,8,0.0040307348,0.0014767745,4.5113143e-06,0.0023928219,0.00011559129,0.0046641012,5.4549204e-05,0.0016637901,0.98559719
20170920-163639-3.jpg,2,4,0.0077509652,0.00084810337,0.017835511,0.02584384,0.54406184,0.14229307,0.0073682917,0.0020452812,0.25195312
20171102-103158-3.jpg,2,2,4.8121503e-05,7.4503719e-06,0.97764641,9.3173228e-05,0.019858904,0.00014106772,0.00030371785,1.1789522e-05,0.0018894698
20170126-100629-0.jpg,1,1,0.00076270511,0.97434098,1.1838816e-06,1.7058004e-05,8.8100529e-07,2.7799395e-05,0.0035421336,0.0015285281,0.019778717
20180109-074215-1.jpg,8,8,0.0014232103,0.00041116262,0.013293279,0.00084036461,0.056100886,0.00069596688,0.012328164,0.00038412717,0.91452295
20170130-102702-0.jpg,1,1,0.047999814,0.81430233,0.00049739832,0.0017208005,0.00060153299,0.0013846663,0.0002412355,0.030395256,0.10285699
20170715-105922-1.jpg,1,1,0.00037752173,0.92686927,4.1051209e-08,1.3243186e-06,1.1955959e-07,5.7366851e-06,0.072440222,0.00023507704,7.0714108e-05
20180109-085606-1.jpg,8,6,0.0027491655,0.003245411,8.8598347e-07,0.00014737602,3.5727414e-06,0.004019076,0.70070171,0.0022174942,0.28691536
20170727-171730-1.jpg,4,4,0.00045257772,9.9957069e-06,0.0081915641,0.00043392985,0.95383406,0.00011166454,6.5225096e-05,0.00068606134,0.036214851
20170630-155311-0.jpg,7,7,0.0020804326,0.0013348664,7.6647875e-06,1.9986413e-05,1.0111557e-05,9.1548991e-06,0.0068072309,0.98858309,0.0011475132
20180322-104645-1.jpg,8,8,0.00090680271,0.0014272392,9.3828521e-06,0.0011041462,0.0063219364,0.00012613136,1.4406255e-05,0.0016187188,0.98847127
20171122-103752-1.jpg,5,5,0.00040922523,0.00013105084,1.4615593e-06,6.0796036e-05,4.0676341e-06,0.98597336,0.002705144,0.00013559603,0.010579251
20180125-100437-1.jpg,8,8,9.7781696e-05,8.8312245e-06,7.7736528e-05,6.3330161e-05,0.00084399793,1.0062584e-05,0.00030068314,6.7541689e-05,0.99853015
20170913-100918-2.jpg,3,8,0.0035635408,0.00083621987,0.056011703,0.0056305355,0.040631067,0.0044438778,0.0253959,0.0052039339,0.85828322
20180125-095308-1.jpg,8,8,9.1949209e-05,0.0001074742,5.9835285e-05,9.6602918e-05,0.00064773462,0.00011683004,0.0067321062,6.7472967e-05,0.99207991
20180112-081510-2.jpg,8,7,0.086182207,0.030910183,0.0088765454,0.091365032,0.09849336,0.00076327415,0.0026574722,0.50824231,0.17250957
20171220-082908-3.jpg,8,8,0.0020535188,4.7211721e-05,7.7624503e-07,8.2182516e-05,2.1043266e-05,0.003952371,9.2819348e-05,0.00083679351,0.99291319
20180105-091416-2.jpg,8,8,0.0021750454,0.00058876432,9.3455557e-05,0.0022754513,0.0022614307,0.0010203833,0.068933606,0.021105917,0.901546
20171113-132205-3.jpg,6,6,0.00051810732,0.0013476259,0.00081593328,8.2390143e-05,0.00069455028,6.2268853e-05,0.97795206,0.0012576742,0.017269395
20170913-105901-3.jpg,5,5,0.045787793,0.17560121,0.0039374102,0.0020864196,0.0023094341,0.64181334,0.00058412884,0.11032396,0.017556323
20170920-185539-1.jpg,2,2,0.00029811924,2.5017342e-05,0.94749659,0.0021200187,0.023235662,8.3156141e-05,0.00022590609,0.00028332564,0.026232263
20180112-095054-2.jpg,8,8,0.0031515814,0.00011343432,1.6909942e-05,0.001821137,4.7282174e-05,0.00016999576,6.0767066e-05,0.0014342581,0.99318463
20180112-080813-1.jpg,8,8,0.03423496,0.24825372,0.00026325579,0.00072847214,0.0024857617,0.0098906392,0.0016434951,0.27413368,0.42836598
20170920-095903-3.jpg,4,8,0.013670221,0.067871109,0.0039032826,0.0093519399,0.33906397,0.0028201414,0.0057912748,0.017523894,0.54000419
20171113-091743-1.jpg,5,5,0.045256369,0.026947172,0.020449344,0.0033456595,0.022046182,0.71264124,0.0080856206,0.05886494,0.10236351
20171220-093017-3.jpg,8,8,0.00025127362,0.00093293173,5.3575519e-07,0.0030799464,1.8518738e-05,0.0043498334,0.00021547759,6.4523607e-05,0.9910869
20171205-141445-2.jpg,8,8,0.0051847938,0.19068123,8.7210819e-06,0.0041980995,0.00020437223,0.014894637,7.0756294e-05,0.0044878055,0.78026956
20170405-155147-0.jpg,0,8,0.32718909,0.0025435616,4.1410469e-05,0.00023470049,5.5212247e-05,0.039632939,0.0022377102,0.027539574,0.60052598
20161207-110901-0.jpg,0,0,0.88386714,0.042041924,0.00010904532,7.6684781e-05,5.5160643e-05,0.012754545,0.005378515,0.019819871,0.035897102
20180109-100311-1.jpg,8,8,9.4378716e-05,1.7282908e-05,1.3963707e-06,3.4588455e-05,6.8480374e-05,4.2596553e-06,4.0887524e-05,5.0282779e-05,0.99968839
20170729-090939-1.jpg,4,4,0.00035440846,1.2221099e-05,0.0039552678,0.0037807282,0.92730647,6.2865198e-05,0.00029549521,0.00042945164,0.063803121
20180119-114745-2.jpg,8,8,0.0013964705,0.0032731122,0.00011093851,0.00020223133,8.7491833e-05,0.00025768823,0.00083607237,0.0011198571,0.99271625
20171113-115337-3.jpg,6,8,0.0026285194,0.012595571,0.0041992064,0.0023110255,0.0021244693,0.012789683,0.15903904,0.030068072,0.77424431
20170920-192249-1.jpg,2,2,0.00039451174,1.8400986e-05,0.95930016,0.003764495,0.032797128,0.000789907,7.7091332e-05,7.091117e-05,0.0027873914
20180109-095112-2.jpg,8,8,0.0065881833,0.00031423659,0.00028371534,0.0078980466,0.0019011379,3.8025115e-05,0.0019166967,0.0013648696,0.97969496
20170727-164359-3.jpg,4,8,0.0003455641,0.00031611402,0.01044602,0.0027109364,0.19409214,9.3812298e-05,0.0046700388,0.00078037294,0.78654492
20171220-091955-3.jpg,8,8,0.001609332,0.0014568417,9.7642805e-05,0.0069498615,0.0020881414,0.0079669161,0.00065445999,0.0017556181,0.97742134
20180322-132019-1.jpg,8,8,0.0022427938,0.017951239,0.00012913319,0.01005837,0.0062668212,0.014513277,0.0048151268,0.0026400068,0.9413833
20170126-095604-0.jpg,1,1,0.0093034366,0.95713329,0.00013706587,0.00039030757,6.3441352e-05,0.0022222276,0.00012643583,0.018519031,0.012104878
20171218-105258-2.jpg,8,8,0.0039163306,0.0070170453,3.2394033e-05,0.00068142969,0.00050312531,0.0028242175,0.00047085463,0.0048240786,0.97973049
20180125-092652-2.jpg,8,8,7.5920725e-05,5.1656058e-05,1.0488322e-05,6.3346e-05,0.00048185929,4.7977746e-06,6.9888716e-05,6.5711123e-05,0.99917632
20171109-072025-1.jpg,5,5,0.00068447943,0.00013501022,7.9770562e-06,3.4671441e-05,5.5022238e-06,0.99081844,0.00059914764,0.0010370777,0.0066776644
20161207-144946-0.jpg,0,1,0.27754882,0.29858479,0.00096429163,0.011879779,0.0027749771,0.1561517,0.0025091402,0.09170679,0.15787962
20180125-101855-2.jpg,8,8,0.00014889656,4.1405401e-05,6.449248e-05,0.0080010481,0.00092889852,0.0049808864,0.0034255374,3.2851287e-05,0.98237592
20180105-095721-3.jpg,8,8,0.0027964856,0.013799951,0.002004161,0.0032247789,0.026523855,4.4644115e-05,0.0091967434,0.007949613,0.93445969
20171102-104114-1.jpg,2,4,0.0032837498,0.00042156276,0.0021056319,0.062509015,0.74577922,2.452035e-05,0.00018541396,0.0061085983,0.17958227
20171025-091607-1.jpg,3,3,0.00081353536,4.2483957e-06,3.0094077e-06,0.99719232,0.00026088851,1.9802607e-07,5.1720775e-07,4.3816723e-05,0.0016813824
20170920-095819-2.jpg,2,2,0.0003736692,0.00036586251,0.78922933,0.00083484012,0.010086582,0.00039937816,0.008750652,0.00020286554,0.18975693
20180109-101538-1.jpg,8,8,0.021262264,0.021080142,0.0005604063,0.0083842063,0.0010627775,0.0057085119,0.0013185038,0.081782825,0.85884035
20170718-133349-2.jpg,7,7,0.012331787,0.00072757713,8.4734029e-06,0.0001668617,1.2672354e-05,6.1753846e-05,4.045809e-05,0.98549497,0.0011554526
20180322-112504-1.jpg,8,8,0.020896256,0.005045786,0.0016777955,0.0053523816,0.0075737447,0.0036131488,0.00024557425,0.014708618,0.94088662
20170718-133656-2.jpg,7,8,0.025581848,0.010181528,2.764248e-05,0.0069113984,0.0043695965,0.00042760774,0.0022254528,0.20577624,0.74449879
20170913-105513-1.jpg,3,3,0.00058833114,0.00036788816,4.6127102e-06,0.96027601,0.0063161566,0.0019317736,0.0003867652,0.0002502545,0.029878238
20171025-095835-2.jpg,3,3,0.0018865828,0.0001643362,0.00020690291,0.97670108,0.0015542386,7.0508413e-06,2.5802099e-05,0.00097821199,0.018475669
20180109-104840-2.jpg,8,8,0.00018705528,0.00053754833,4.6494293e-05,0.00034542748,2.4391942e-05,0.1946041,0.0061221709,0.0015706611,0.79656202
20180109-094730-2.jpg,8,8,0.017780619,0.00057072233,0.0040990557,0.3509205,0.15760025,0.00026329688,0.00040456923,0.0084835775,0.45987746
20171122-104414-1.jpg,5,5,0.00021853052,0.0003874804,1.209621e-05,0.0011457385,4.19223e-05,0.90929741,0.0022665372,0.00017619894,0.086453997
20171025-074656-2.jpg,3,3,0.0029861117,0.0026324084,0.00011208325,0.9710179,0.006357538,5.681969e-06,0.00024982562,0.011708975,0.0049294154
20170913-104834-1.jpg,3,4,0.00059811951,2.4315403e-05,9.9507015e-06,0.33802161,0.63344234,4.0562503e-05,6.6456232e-06,5.9519451e-05,0.027796976
20180109-103449-2.jpg,8,8,0.0057305209,0.0026574857,0.0054284385,0.0017424477,0.00075953343,0.0019961835,0.0027979792,0.00883843,0.97004908
20170811-125033-2.jpg,0,0,0.46950898,0.0040866309,0.00038225923,0.00030528445,0.0017111781,0.00070570048,0.0058002584,0.09585657,0.42164317
20170210-141829-0.jpg,7,7,0.015980128,0.001383028,5.3209005e-05,0.0005257742,3.6553171e-05,0.0017114704,0.0092481868,0.90062803,0.070433654
20180125-091108-1.jpg,8,8,9.0507507e-05,9.7280154e-06,4.1527477e-05,2.3362905e-05,0.0010729845,1.6664821e-05,0.00079030078,1.6620759e-05,0.99793833
20171219-102103-2.jpg,8,8,0.00099911052,0.0011908693,7.2080991e-05,0.0062554949,0.0019789967,0.0042818524,0.00020296787,0.00041573151,0.98460305
20170728-153722-3.jpg,8,4,0.00096468296,3.5361067e-05,0.0036213652,0.0039064111,0.8687138,8.7011242e-05,0.00013108157,0.00061221549,0.12192806
20180109-095320-1.jpg,8,8,0.0041466709,0.00023820608,0.00013320379,0.017563554,0.0072750738,9.2585369e-06,6.1062252e-05,0.0040578512,0.96651524
20180109-091959-1.jpg,8,8,0.00052222545,9.909214e-05,3.1038555e-05,0.00010537616,0.00021957231,0.00020047215,0.0043641212,0.0015738886,0.9928844
20180109-072643-2.jpg,8,8,0.001227173,0.0064528962,0.0021358663,0.00080019102,0.0083463807,0.00024512256,0.049609579,0.0034099391,0.92777282
20171219-095621-2.jpg,8,8,0.023100533,0.022889541,0.00038570305,0.01692963,0.086576723,0.001934346,0.0029988952,0.01460307,0.83058167
20170705-165013-0.jpg,7,4,0.050696928,0.010194121,0.00092184643,0.042141851,0.45856357,0.0011028529,6.4834923e-05,0.20877387,0.22754014
20170727-152746-1.jpg,4,4,0.0026721156,8.9154264e-06,0.0048800479,0.0040888572,0.96449661,0.0012413535,3.7722926e-05,0.00051701558,0.022057245
20170913-121203-1.jpg,5,5,0.017225124,0.13277265,0.0039004413,0.011353974,0.0038291188,0.71439493,0.033573441,0.03132518,0.051625121
20180322-113953-1.jpg,8,8,0.013369321,0.016778907,0.00027650618,0.0026660536,0.0018028112,0.00087336905,0.00031644621,0.013067495,0.95084918
20170727-130021-1.jpg,4,4,0.00023016251,2.6508876e-06,0.0034049926,0.00054507086,0.99195707,1.6766819e-05,1.1594359e-05,0.0004632576,0.00336834
20180112-091711-1.jpg,8,8,0.0010098782,1.2089173e-05,2.8065085e-06,8.8764164e-06,0.00012492441,9.6823851e-06,2.4293402e-06,0.00020374056,0.99862564
20170811-134007-1.jpg,0,8,0.065117285,0.0008256759,0.00011625637,0.00095143123,0.00040980944,0.00014473556,1.0011413e-05,0.041216016,0.89120889
20180112-092243-1.jpg,8,8,0.0021864332,1.3273616e-05,0.00039082611,0.00011818015,0.0001357006,0.00029715136,8.0497761e-05,0.00058323238,0.99619472
20170718-095159-2.jpg,0,8,0.05236496,0.041653775,0.12469217,0.300834,0.049262095,0.0018582594,0.013740969,0.042834464,0.3727594
20180105-093630-2.jpg,8,8,6.1860142e-06,1.3932996e-05,2.7521848e-05,3.284415e-06,9.4675588e-06,1.6678427e-05,0.011359326,2.9360947e-06,0.98856062
20171219-113826-3.jpg,8,8,0.0030929006,0.0011643339,0.19855341,0.0082274508,0.078066945,0.00033446675,0.013143573,0.0049772919,0.69243968
20170315-084854-0.jpg,8,8,0.00072774891,0.0077742641,1.004552e-05,0.0059450548,0.00017604673,0.00045675263,0.0088421367,0.0023144116,0.97375351
20171220-082623-2.jpg,8,8,0.002580062,0.056865543,5.9702952e-06,0.0012171385,2.2263084e-05,0.11532906,0.0064775771,0.0029211198,0.81458133
20180112-072227-2.jpg,8,8,0.0046126591,0.0018389855,0.0040928749,0.0012581444,0.42527196,6.0807684e-05,0.006599294,0.013198739,0.54306656
20180322-103707-1.jpg,8,8,0.0039089504,0.0021617713,0.0014365002,0.0025118273,0.0039201109,0.0053782528,0.00019388169,0.0034206475,0.97706807
20171219-095011-2.jpg,8,8,0.00011573936,2.394641e-05,3.1622076e-05,0.00033682896,7.1210903e-05,5.9675895e-05,0.00015317205,8.1846549e-05,0.99912602
20180112-102555-2.jpg,8,8,0.00048772071,4.0686129e-05,3.3607714e-05,0.00012621746,8.6627251e-06,0.00026125222,0.00021353288,0.00016295354,0.99866533
20171203-172356-3.jpg,8,8,0.00035997812,0.0013445725,0.0024825027,0.00030350644,0.0010119679,0.0026051265,0.11310247,0.00049034774,0.87829959
20171220-083613-2.jpg,8,8,0.0032382358,0.0014892141,0.00010393669,0.010304571,0.00082492013,0.0014752587,0.002422102,0.017152108,0.96298969
20180112-103630-1.jpg,8,8,0.043208454,0.0031801562,0.0046289582,0.0043663937,0.030909847,0.00073778385,0.0014422669,0.0185457,0.8929804
20171218-115948-3.jpg,8,8,0.00031374971,0.0034980036,1.0600137e-05,0.0053140018,9.387829e-05,0.011763209,0.0085276905,0.0010408612,0.96943802
20180109-074634-2.jpg,8,8,0.00022763397,0.0050333743,6.678813e-07,2.0039364e-05,3.2189057e-06,1.4099453e-05,0.0027323565,4.6012254e-05,0.99192274
20170811-115032-2.jpg,0,0,0.94244236,0.0037686133,2.5284773e-05,1.1926199e-05,2.5419879e-05,0.0001660741,0.00046204915,0.0018251304,0.051273182
20171025-091930-2.jpg,3,3,0.00034841496,1.1254548e-05,0.00011543092,0.9959693,0.001112962,8.0078064e-07,1.4792307e-06,9.9997604e-05,0.0023403806
20171025-082705-1.jpg,0,7,0.21395251,0.032547552,0.00034715081,0.13164343,0.0093175936,0.004945498,0.0002421438,0.32614294,0.2808612
20180322-125348-1.jpg,8,8,0.00035064551,3.1159187e-05,1.9415291e-05,1.2179977e-05,0.0022878954,0.00018923215,2.1008816e-05,0.00069967343,0.99638879
20180109-092247-1.jpg,8,8,0.0001208325,0.00039110493,3.1035073e-05,0.00017069033,0.00018172369,6.518294e-05,0.0089205261,0.00015850947,0.98996043
20170705-164850-0.jpg,7,8,0.077722818,0.030135037,0.0032320309,0.0064598653,0.066400945,0.0039856266,0.00049883034,0.37465876,0.43690613
20180112-074124-1.jpg,8,8,0.0035948148,0.00052408827,2.2573464e-05,0.00022927666,0.0014548883,2.913475e-05,8.9160574e-05,0.012129944,0.98192602
20180125-092304-1.jpg,8,8,2.0005302e-05,1.2234758e-05,4.4367175e-06,0.00036034503,0.00029385102,3.704894e-05,0.00084608555,2.1025404e-05,0.99840492
20180322-114326-2.jpg,8,8,8.1040154e-05,2.3322964e-05,9.0025806e-06,0.00010215333,0.00057640177,2.3116892e-05,3.6329846e-05,6.0999413e-05,0.99908757
20171113-135754-1.jpg,6,6,5.8800601e-06,0.00036583529,0.0001748607,6.5423505e-06,1.0558914e-05,0.00013621063,0.92251432,1.8512925e-05,0.076767378
20180112-094631-1.jpg,8,8,0.001001506,2.8327804e-05,3.8122027e-05,0.00053258968,3.3694265e-05,7.1879447e-05,0.00013445047,8.2747887e-05,0.99807692
20180125-133300-3.jpg,8,8,0.00010464906,0.00012628781,1.3054831e-05,4.6087258e-05,0.00048379868,2.5412703e-05,0.00045937841,7.386697e-05,0.99866748
20170727-140127-1.jpg,4,4,0.0013633363,8.1824241e-05,0.0002199712,0.014808836,0.95685238,1.5780424e-05,7.8765997e-06,0.00245335,0.024196696
20171025-074113-2.jpg,3,3,0.0060582352,0.093726315,7.6565477e-05,0.84061795,0.0021734263,5.41958e-05,0.0015719741,0.034022711,0.021698607
20170714-121905-2.jpg,1,1,0.00051283708,0.97844863,1.3261942e-05,0.00014878367,6.064598e-05,2.4930896e-05,0.014623176,0.0040668966,0.0021007198
20180105-092902-2.jpg,8,8,0.00047676841,0.0012522362,0.038668014,0.00010290947,0.001203945,0.00010186071,0.02675271,0.00029269946,0.93114895
20171121-075533-1.jpg,6,6,0.0014229304,0.025234099,0.001119579,0.00076248276,0.0021804848,0.00040143711,0.8214488,0.0039671669,0.14346296
20171220-091741-3.jpg,8,8,0.00032764944,0.0004223758,2.9608962e-06,0.0015184915,0.00012523362,0.0030241504,7.0149676e-05,0.00014561892,0.99436355
20180109-104530-1.jpg,8,8,0.0010743325,0.0031379715,0.0012093931,0.0048924219,0.0023126565,0.00028639086,0.00020673433,0.0022245757,0.98465562
20171220-084505-3.jpg,8,8,0.022522466,7.5637654e-05,1.8171162e-06,0.00011760908,2.0120156e-05,0.022743642,0.00036672014,0.0048793792,0.94927269
20171218-105136-3.jpg,8,8,0.0023440209,0.024459226,5.3940244e-06,0.00018978213,2.087073e-05,0.0014479003,0.00079187774,0.0088690501,0.96187192
20170811-133905-1.jpg,0,8,0.1060795,0.0083438708,0.0008484248,0.0016723053,0.0014294487,0.0053520785,0.0006413029,0.060530972,0.8151021
20171220-090425-3.jpg,8,8,0.0053628813,0.00069643999,5.2155592e-06,0.00089581212,0.00030021332,0.00077178731,2.4931876e-05,0.0016043192,0.9903385
20171121-072049-1.jpg,6,8,0.028073955,0.067810327,0.00013350097,0.029432155,0.001650673,0.0022120553,0.26839349,0.071790062,0.53050381
20170210-133124-0.jpg,0,0,0.99691331,0.00024141539,1.050363e-07,4.8339626e-08,1.3765597e-07,8.0764412e-06,2.3812621e-05,0.0019814959,0.0008317238
20180112-082451-1.jpg,8,8,0.0067962571,0.0055253627,0.00043127948,0.0020709233,0.017237859,0.00056457351,0.0026750469,0.012279994,0.95241863
20170304-124131-0.jpg,0,0,0.76483965,0.026151476,0.00011344233,0.00067078468,0.00010533035,0.0012106126,0.0018473937,0.14709209,0.057969313
20171220-101402-2.jpg,8,8,0.0012985076,0.0021166999,4.5713389e-07,3.7833601e-05,7.7144659e-06,0.00095847354,0.0019093825,0.00059717987,0.9930737
20171212-093512-3.jpg,8,8,0.0086635845,0.0055876216,0.00020089067,0.055884708,0.0034970145,0.0016577726,0.00057258341,0.027593661,0.89634204
20170913-130341-3.jpg,5,2,0.00059637113,0.0010333607,0.8472802,0.021666963,0.023870351,0.025030082,0.033621009,0.00087190728,0.046029638
20180109-072059-1.jpg,8,8,0.0020963212,0.0085096983,3.577044e-06,0.00066074362,8.4658379e-05,0.0047974042,0.19480941,0.00051227555,0.78852594
20170727-125315-1.jpg,4,4,0.001364366,0.00020286688,0.04949243,0.0017865835,0.92653376,0.00024405184,0.0017803515,0.0020991338,0.016496385
20170913-103012-2.jpg,3,3,0.00041095563,0.00015023569,4.8126312e-05,0.94054741,0.031721473,0.0098258751,0.00020089075,4.2714062e-05,0.017052224
20170501-144825-0.jpg,6,8,0.016637068,0.075028032,0.0011479072,0.010717642,0.011184037,0.0010138369,0.026412204,0.10660675,0.75125253
20170920-132131-2.jpg,2,2,0.0011826754,9.2383954e-05,0.61492884,0.021128224,0.31641889,0.00018321059,0.001762561,0.0034877798,0.040815506
20180109-100332-1.jpg,8,8,6.1051876e-05,8.0909223e-05,3.4849518e-06,0.00022750687,0.00013238769,2.9326679e-06,9.7515831e-06,0.00014422846,0.99933773
20171219-094230-2.jpg,8,8,0.03335809,0.0054575005,0.0015223237,0.24359471,0.033086866,0.10907024,0.0046467967,0.01573734,0.5535261
20170811-125302-1.jpg,0,0,0.4885256,0.0066275881,0.00013529359,0.00035607468,0.0013659204,0.014888546,4.8811526e-05,0.38999605,0.0980561
20171205-144929-2.jpg,8,8,0.0013601647,0.012729165,0.00026614699,0.0036361592,0.00060115161,0.0010138442,0.0033581448,0.0011966683,0.97583848
20171220-094506-2.jpg,8,0,0.63847691,0.0071048681,5.662701e-05,0.0001955534,0.00016728947,0.0073832315,0.003187719,0.024748009,0.31867978
20170714-111017-1.jpg,1,1,0.0078790979,0.34373131,0.00043159924,0.012173831,0.0013931689,0.0047271778,0.21190557,0.090945326,0.32681292
20170728-151426-1.jpg,4,4,0.0001968526,2.2176973e-06,0.014973958,0.00024923449,0.97633672,2.1435653e-05,1.0502836e-05,0.00041241854,0.007796702
20180105-101231-3.jpg,8,8,0.00014710263,2.988879e-05,0.00038125893,2.4137093e-05,0.00030444609,2.7959601e-05,0.00035269329,2.7846772e-05,0.99870467
20170718-132557-2.jpg,7,7,0.0097943405,0.015700743,0.0013671445,0.01194261,0.0023842263,0.00060467224,0.016316842,0.93440926,0.007480165
20180109-074946-2.jpg,8,8,2.7195942e-05,3.7824608e-05,0.00014251012,8.475542e-06,6.8462519e-05,1.5199485e-05,0.0040194858,6.2102549e-06,0.99567467
20170727-152727-3.jpg,4,4,0.00078904041,5.0058345e-05,0.02350891,0.0024807705,0.72274005,0.00018014947,0.00054348912,0.001404918,0.24830268
20170913-100725-3.jpg,5,5,0.00013832239,0.00025054187,0.0026628298,0.0035055389,0.00020100716,0.9743396,0.015280326,9.8643221e-05,0.0035232755
20170128-102710-0.jpg,8,8,0.0085168555,0.0036131865,0.0042910641,0.015175115,0.14340201,0.00024281452,0.0092796655,0.041959349,0.77352011
20171109-092301-2.jpg,5,5,3.7327263e-05,0.0013651135,3.2425876e-07,4.5718793e-05,1.8972407e-06,0.9828462,0.0044860733,4.0581162e-05,0.01117673
20171220-083902-3.jpg,8,8,5.3023952e-05,1.2654533e-06,8.5642775e-08,4.2265594e-05,3.9876427e-06,0.0015766757,7.6115984e-06,6.4496278e-05,0.99825042
20170210-131858-0.jpg,0,0,0.52389997,0.05344123,2.8299892e-06,1.4568237e-05,2.905276e-06,0.0038396143,0.000194473,0.40780452,0.01079991
20171205-124105-2.jpg,8,8,0.0006073945,0.00073126715,2.8490727e-05,0.0027530752,0.00015310645,0.12223893,0.00021672731,0.00026402852,0.87300688
20171102-115518-1.jpg,2,2,7.8112025e-06,8.4318361e-07,0.99941182,5.6202462e-06,0.00014554647,7.7437371e-06,3.3135351e-05,2.4877311e-06,0.00038501038
20170727-164023-1.jpg,4,4,0.0035183129,9.8318829e-05,0.019540459,0.015020239,0.87204909,0.00032837968,7.5621851e-05,0.0034403105,0.08592926
20170410-153942-0.jpg,0,8,0.063502215,0.025550287,6.1711282e-05,0.0035005612,0.0012845696,0.0021695592,0.00084964081,0.14472288,0.75835854
20170728-124050-3.jpg,4,4,0.0051939348,7.2059353e-05,0.0010395043,0.0034632373,0.96825087,0.0011390822,0.00026356356,0.0068156733,0.013762098
20180109-095010-1.jpg,8,8,7.7798704e-06,5.0037619e-07,9.9558534e-08,3.9642573e-06,3.9813331e-06,1.0163103e-07,4.5011942e-07,9.5065043e-06,0.99997365
20180322-103838-1.jpg,8,8,0.011866527,0.0096684368,0.0018161326,0.013271964,0.027379746,0.0048252707,0.000415571,0.014366237,0.91639018
20180112-101826-2.jpg,8,8,0.0015100293,0.00034450897,4.0384737e-05,0.0002409861,2.8548993e-05,0.0038495923,0.0001924004,0.00048206944,0.99331164
20180105-100054-3.jpg,8,8,5.545931e-05,0.00019728468,0.00020598854,5.2126285e-05,0.0001770151,0.00027295036,0.021423437,0.00015830756,0.97745752
20171113-142726-2.jpg,6,6,6.6348184e-05,0.0096199494,2.5126569e-06,4.4648605e-05,7.5805142e-06,0.0006817953,0.94608676,0.00032412633,0.043166254
20170913-101108-2.jpg,3,3,0.0035867889,0.011464148,0.00078998093,0.8040216,0.011363571,0.010756673,0.0026865038,0.0022081786,0.15312253
20180105-100736-2.jpg,8,6,0.0065710912,0.12216122,0.00065509684,9.283999e-05,0.00019248748,0.002274771,0.81295204,0.010998605,0.044101864
20180112-072658-2.jpg,8,8,0.10891531,0.020597715,0.0097559411,0.023300836,0.0084388731,0.024360482,0.00056739995,0.17177221,0.63229114
20180105-100350-2.jpg,8,8,0.0018187949,0.004532998,0.026036294,0.00080479833,0.018591151,0.0010231653,0.09510912,0.0022112071,0.84987241
20170906-094003-1.jpg,3,4,0.0035070141,0.00011002932,0.0010250903,0.30945575,0.6448403,1.0109783e-05,2.2844777e-05,0.0040759416,0.036952943
20180112-092221-2.jpg,8,8,0.069694825,0.0019594913,0.066714272,0.020940758,0.054731309,0.0015852668,0.0026851995,0.052217081,0.72947174
20180322-125231-1.jpg,8,8,0.00025842039,0.00027377327,1.5774543e-05,0.0007500744,0.0033873937,0.00021005284,0.00010470454,9.5123149e-05,0.99490476
20171220-082832-3.jpg,8,8,0.0041654436,7.9987039e-05,1.8030488e-07,0.00053271698,2.4616216e-05,0.000209925,7.1348186e-06,0.0015356824,0.99344432
20170727-152815-1.jpg,4,4,0.0002116024,5.5186597e-06,0.00051716698,0.0077696024,0.93190032,2.995367e-05,2.5835841e-05,0.00025379044,0.059286062
20180112-093616-2.jpg,8,8,9.8180069e-05,1.0818079e-05,1.2123736e-06,0.00037370031,4.0271375e-06,8.962924e-05,2.3106428e-05,1.1339953e-05,0.99938798
20180125-100939-1.jpg,8,8,0.00014328367,1.014418e-05,7.0423499e-05,5.1305033e-05,0.00021843797,1.8360995e-05,0.00024551072,0.0001471759,0.99909544
20171102-093644-3.jpg,4,2,0.0042334073,0.0038798077,0.49746269,0.010353808,0.36329609,0.00032841993,0.006326824,0.0093542514,0.10476468
20180109-071916-2.jpg,8,8,7.887376e-05,9.4252537e-05,0.00058613304,0.00014657156,0.00077454164,0.00027957818,0.0067720632,7.6643577e-05,0.99119121
20180109-085526-2.jpg,8,8,0.00062518619,0.014442502,0.00042391667,0.015038235,0.0030549376,0.00015472452,0.013718413,0.00177407,0.95076799
20170727-171545-1.jpg,4,4,0.00022380508,2.8890625e-05,4.1599007e-05,0.00039056112,0.93883139,6.2577556e-06,3.0550484e-05,0.0020998742,0.058346994
20171102-122608-3.jpg,2,2,0.00078971416,0.00035400767,0.9665336,0.0038852151,0.0045193392,8.1643557e-05,0.00073257962,0.0005467775,0.022556931
20180112-101055-2.jpg,8,8,0.0091685094,2.108055e-05,0.00081505539,0.00029494253,0.00026772148,0.00024998953,0.00027072959,0.00011935908,0.98879248
20180322-120255-2.jpg,8,8,0.0015554522,0.0022080527,4.3305638e-05,0.0023189813,0.0043381122,4.1673484e-05,6.1110361e-05,0.0023609109,0.98707253
20171113-141038-2.jpg,6,6,0.00051547081,0.049152959,0.00038034157,0.0010425013,0.00068441901,0.00036011409,0.90063787,0.0068868441,0.040339448
20180112-081428-2.jpg,8,8,0.003476084,0.00030098061,1.8240353e-05,0.0029055611,0.006140037,1.611544e-05,5.1412048e-06,0.014530024,0.97260791
20170906-115121-1.jpg,3,3,0.0086487504,0.0098328134,0.0012415192,0.7482633,0.026394935,0.0024796531,0.0059197238,0.040034078,0.15718509
20170130-102322-0.jpg,1,1,0.005795056,0.94683248,8.9580317e-06,2.9406196e-05,4.5744596e-06,0.00019030037,0.0001303251,0.044456549,0.0025522429
20180109-072227-2.jpg,8,8,5.9438891e-05,0.00024462736,0.0033403418,0.00013175706,0.00011361928,0.00020470963,0.097869709,3.6057012e-05,0.89799976
20171217-100920-2.jpg,8,8,0.00038600754,0.00032396097,1.0917485e-06,3.7172409e-05,7.9239935e-06,0.00038068573,0.0018789573,0.00017987414,0.99680436
20171025-075448-2.jpg,3,3,0.067190222,0.0087277209,0.000623814,0.67231166,0.012175965,0.0011762433,0.00029024656,0.031702951,0.20580123
20170920-120250-2.jpg,2,4,0.0058196154,0.00057020457,0.18225278,0.1047024,0.54266566,0.0030150821,0.001212587,0.017889587,0.14187212
20180125-134744-3.jpg,8,8,0.020625919,0.11353093,0.0001368206,0.014076699,0.024686392,0.00063895597,0.0014221917,0.02034558,0.8045364
20180112-075719-2.jpg,8,8,0.077020414,0.0035149283,0.00050214637,0.10986465,0.15525518,7.7074896e-05,5.1270774e-05,0.079808831,0.57390553
20180322-111909-2.jpg,8,8,0.0020168994,0.0010815263,4.7556307e-05,0.0003344178,0.00026398801,0.00052463799,0.00087035872,0.0015595352,0.99330103
20170304-131652-0.jpg,7,7,0.067330092,0.063453406,1.706609e-05,0.00035944654,7.6115837e-05,0.0039920933,2.0446854e-05,0.84519267,0.019558748
20170920-163751-3.jpg,2,2,9.3242024e-06,3.5317719e-06,0.99940515,5.2727813e-05,9.8687087e-05,2.3807097e-05,2.7805512e-05,3.6684467e-06,0.00037530839
20170727-094049-1.jpg,4,4,0.010363371,0.00069123006,0.0081412494,0.018595997,0.86449063,9.7884811e-05,0.0003921637,0.023861874,0.073365673
20170714-110747-2.jpg,1,1,0.0045691049,0.86687571,3.5246627e-05,0.031685527,0.00035624427,0.00033880194,0.0011994756,0.046794593,0.048145361
20170714-120906-2.jpg,1,1,0.0055034775,0.98398191,5.7051698e-06,0.00037645915,0.00023809352,4.5772558e-06,0.00025797551,0.0033532314,0.0062785516
20180109-080430-1.jpg,8,8,0.0014903396,0.02754502,7.9245634e-05,0.0020737385,0.00044453901,0.00091805786,0.10170125,0.0026256545,0.86312222
20180322-104233-1.jpg,8,8,0.00052360131,4.268542e-05,4.7687197e-05,0.0010392336,0.004787263,3.9346309e-05,3.0434658e-06,0.00041299418,0.99310404
20170217-120141-0.jpg,0,0,0.82449895,0.0048819138,7.8695421e-06,2.7452028e-05,1.2754016e-05,0.019946519,0.0017650803,0.098746531,0.050112858
20180112-093540-2.jpg,8,8,0.019468447,0.0014109955,0.00023271471,0.00099323282,0.00075123017,9.3625094e-05,0.0022147663,0.054229815,0.92060518
20171218-104412-3.jpg,8,8,0.0046481425,0.0013238188,6.0369493e-06,0.00036222892,1.1345207e-05,0.091654457,0.0010995608,0.0020891493,0.89880538
20170217-144231-0.jpg,7,7,0.024233006,0.0077682128,4.8764227e-06,5.4720451e-05,2.4071303e-06,0.00038871559,0.00030432202,0.96300983,0.0042339223
20171220-101928-2.jpg,8,8,0.032467887,0.035289492,4.5768797e-05,0.005243632,0.0012609019,0.0016143938,0.00490472,0.031079568,0.88809371
20171220-100932-2.jpg,8,8,5.6940575e-05,0.0018266944,1.8822341e-08,0.00035356541,7.7390851e-08,0.0003380157,3.5462795e-05,1.0264842e-05,0.99737895
20180109-090632-2.jpg,8,8,0.00067650195,0.0014538977,0.0017256303,0.013965747,0.00062585238,0.0012960378,0.0016040183,0.0013270223,0.97732532
20180112-081326-2.jpg,8,4,0.0096444953,0.0013736944,0.035583809,0.039386183,0.61860281,0.00020777863,0.010440201,0.016339764,0.2684212
20180125-092138-2.jpg,8,8,3.5099656e-05,3.0780928e-05,3.087091e-07,0.00048161412,0.00064913259,9.9053082e-08,4.1664424e-07,3.2639531e-05,0.99876982
20170714-143003-2.jpg,1,8,0.021884199,0.27568969,0.0063336696,0.046539228,0.1282555,0.0037904019,0.015472638,0.056300625,0.44573411
20170811-133311-2.jpg,0,0,0.94954735,0.00033275044,3.7719554e-05,9.7950782e-05,4.7662295e-05,0.0013336134,5.4602326e-05,0.0008542352,0.047694083
20180125-131649-2.jpg,8,8,0.013222259,0.0033403393,0.00010383264,0.00098776876,0.00032341995,0.0028982318,0.0037154492,0.0041554426,0.97125334
20171025-081120-1.jpg,3,3,0.027417323,0.0019120442,0.00059871917,0.73205411,0.14448015,0.00013100926,5.4343145e-05,0.025172155,0.068180077
20170729-092850-2.jpg,4,4,0.00046969121,1.3524585e-05,0.038940899,0.0020942213,0.94719541,1.2496951e-05,5.2703072e-05,0.00021244241,0.011008551
20171220-095307-1.jpg,8,8,0.0035987874,0.020267013,6.1917603e-07,0.00094078272,1.2183978e-05,0.043212589,7.1368268e-05,0.0013788255,0.93051785
20180112-094620-1.jpg,8,8,0.00081520248,0.00050471164,4.3048476e-07,2.2047672e-05,9.3583691e-07,6.2142877e-05,0.00017497098,0.00010814721,0.9983114
20180322-111500-2.jpg,8,8,0.00070691435,4.9136121e-05,2.2443471e-06,7.4342141e-05,0.00054035231,4.5908419e-06,3.8549711e-06,0.0004083997,0.99821007
20171219-112554-2.jpg,8,8,0.00030575419,0.00035480218,0.00043076268,0.015290969,0.0067921504,0.0003042701,0.016252721,0.0010880537,0.95918047
20171025-081141-2.jpg,3,3,0.0079350071,0.00012253424,5.8570844e-05,0.90899473,0.0048220619,1.358366e-05,2.8016726e-05,0.0019838512,0.076041572
20180109-072211-1.jpg,8,8,1.0787786e-05,0.0024321021,4.389181e-06,4.5591998e-05,1.1717327e-05,9.6963731e-06,0.0078910394,9.1005895e-06,0.98958582
20170706-130046-3.jpg,1,1,0.00057227426,0.99272209,1.3773519e-07,3.3460954e-05,1.2297154e-06,1.8325896e-05,5.8219252e-05,0.0056536905,0.00094065833
20170920-191854-1.jpg,2,2,0.00017614725,0.00016732136,0.95966727,0.0001701186,0.0045497413,0.0001480403,0.0014407231,0.00012494535,0.033555705
20171218-115542-3.jpg,8,8,3.1136497e-05,2.0629999e-05,2.5754883e-07,4.160179e-05,4.6058094e-06,0.0010250567,2.5285903e-05,6.1189785e-06,0.99884546
20170715-123221-1.jpg,1,1,0.0013775763,0.99409324,2.4134057e-05,3.7160931e-05,7.8365119e-06,8.7628898e-05,0.0025095341,0.00056092476,0.0013018864
20180125-132650-2.jpg,8,8,0.00080544403,0.00034788047,1.8920546e-05,0.001085866,0.001947418,1.1013115e-05,0.00035372176,0.0012965365,0.99413317
20171121-081448-2.jpg,6,6,9.0508678e-05,0.002297391,7.6112148e-05,0.0001114084,0.00013880161,4.9757156e-05,0.8726685,0.00030663225,0.1242608
20171218-121121-3.jpg,8,8,0.0016167747,0.0074135787,1.0272195e-06,0.0016153968,6.6813736e-06,0.0039492827,0.0053529758,0.0024791074,0.97756505
20171113-142658-2.jpg,6,1,0.0085015995,0.78103131,1.7667633e-05,0.002760052,0.00013489347,0.00065559859,0.066017523,0.011852827,0.12902863
20171220-084657-2.jpg,8,8,0.0011774659,0.02286482,4.5858787e-06,0.014819778,0.00013799225,0.0021794913,0.00060218415,0.0021219749,0.95609158
20171109-092137-2.jpg,5,5,9.8488645e-06,5.121261e-06,3.0385234e-08,6.3558645e-07,2.9344966e-08,0.99989891,6.1996441e-05,2.348296e-06,2.1013335e-05
20171220-101206-1.jpg,8,8,0.00054963614,0.0034863527,1.8598871e-06,0.034797695,7.2783018e-06,0.00076142373,1.7969565e-05,0.0001430479,0.96023452
20171220-101329-2.jpg,8,8,0.0012395104,0.018980319,7.3006998e-07,0.0014367359,4.4456015e-06,0.001918103,0.0010270224,0.00076944713,0.97462374
20171203-171940-3.jpg,8,8,0.0010184417,0.0057736416,0.00012100242,0.0010814712,0.0005666315,0.00047196689,0.2592617,0.0014711529,0.73023409
20170913-104325-2.jpg,3,3,0.00015238441,2.3885808e-05,4.2091579e-06,0.98439991,0.00068740832,0.0006258706,0.00014036447,1.6898628e-05,0.013949083
20171212-103637-3.jpg,8,8,0.00035185789,0.0060383743,2.0562163e-06,0.00040627699,2.8127119e-05,0.0074630529,0.0067946906,0.00040079825,0.97851485
20171113-132706-3.jpg,6,6,0.0035243588,0.0085235219,0.0073759756,0.0015838636,0.003931894,0.00141841,0.93148422,0.012279971,0.029877748
20171212-095853-3.jpg,8,8,0.0029201852,0.010836759,0.00028579248,0.068405926,0.00060869689,0.012823176,0.011711052,0.0043482301,0.88806015
20170729-153129-3.jpg,4,5,0.014867018,0.0045073591,0.023736015,0.18494102,0.30660105,0.30854675,0.0043152128,0.0019378792,0.15054767
20171212-103306-3.jpg,8,8,0.0049114847,0.014070104,6.6102977e-05,0.00080637803,0.0012299127,0.00029809796,0.0029143521,0.0038145478,0.97188908
20170920-111202-2.jpg,2,2,0.00012277023,2.6073239e-05,0.98312342,0.00029696021,0.014491815,6.7374036e-05,0.00016131996,3.7186623e-05,0.001673106
20180105-095213-2.jpg,8,8,0.0012023058,0.0029632947,0.0011318934,0.021492908,0.052181974,0.00046840817,0.039677326,0.0025757831,0.87830603
20170727-125159-1.jpg,4,4,0.0020038544,0.00027577882,0.0083754566,0.001107767,0.6928826,7.2691204e-05,0.00093881163,0.0063058864,0.28803721
20170126-100221-0.jpg,1,1,0.0032386486,0.92578608,3.2104308e-05,0.0010352276,0.00013134752,0.00067514263,0.0023378555,0.013765011,0.052998569
20171109-074159-1.jpg,5,8,0.016620295,0.00048945175,6.153613e-06,1.9461702e-05,5.0576596e-06,0.069042407,0.002238702,0.0032430713,0.90833527
20171102-115438-1.jpg,2,2,0.00011249364,0.00049874949,0.99653208,0.00024279795,0.00012402194,0.0016747499,0.00039251935,2.963051e-05,0.00039289723
20170728-124106-2.jpg,4,4,0.00022990139,1.5690484e-05,0.00030481306,0.00067588181,0.94318783,5.5379369e-06,4.5479013e-05,0.00059921021,0.054935757
20170728-151857-1.jpg,8,8,0.00052459235,0.00010006985,0.00027352918,0.0048319604,0.13266136,0.00043149322,7.3434887e-05,0.00014403065,0.86095977
20180112-075353-2.jpg,8,8,0.016586991,0.00024021833,0.00018565961,0.14513585,0.033484459,1.9031788e-05,1.4794164e-05,0.019743659,0.78458947
20180125-095038-2.jpg,8,8,2.9308227e-05,1.235264e-05,0.00010112423,0.00014256328,8.181858e-05,0.00063625036,0.0033210288,8.5370248e-06,0.9956671
20170920-094406-1.jpg,2,2,0.0030547732,0.0012383726,0.74177963,0.0041514081,0.16269757,0.0006709692,0.010523727,0.0016638304,0.074219704
20180112-100602-1.jpg,8,8,0.0014614457,0.00035128091,2.3880435e-05,0.00016828661,7.9076126e-05,0.0013298254,0.0032882828,0.0019255067,0.99137259
20171212-095453-1.jpg,8,8,0.00010268774,6.6883178e-05,1.2973421e-06,0.00072655547,1.2801426e-05,0.00049756921,0.00061114109,0.0030425764,0.99493837
20180109-094756-2.jpg,8,8,0.073930733,0.00090002088,0.0016456555,0.0081304964,0.018653572,0.0002378583,0.00016188429,0.026803989,0.86953574
20180125-134840-2.jpg,8,8,0.0087188566,0.0021289764,0.00020285002,0.0012323445,0.048862189,0.00051324995,0.00083716784,0.011818673,0.92568576
20180119-111304-1.jpg,8,8,0.011247341,0.19085786,6.2108316e-05,0.0079278145,0.0008006572,0.0011888144,0.010639804,0.074351303,0.70292431
20170217-143614-0.jpg,7,7,0.0035306809,0.00016378083,5.3761948e-07,9.2244563e-06,4.2392494e-07,9.6328069e-05,7.5117314e-05,0.99376959,0.0023543171
20170210-132011-0.jpg,7,7,0.0039775339,0.0035335512,1.755252e-07,2.7228234e-06,7.9426414e-08,0.0002342205,2.013111e-05,0.99149114,0.00074048614
20180119-113357-2.jpg,8,8,0.0074972673,0.036752366,2.2285227e-05,0.0032350146,0.0021957164,0.00022624418,0.00031078447,0.016188608,0.93357164
20171113-115844-1.jpg,6,6,2.5505869e-06,0.0001085219,6.723036e-08,6.148644e-07,1.3574885e-07,1.967235e-05,0.99967921,2.226594e-05,0.00016696319
20170627-103545-0.jpg,0,0,0.759588,0.076478623,2.8476914e-05,5.1411975e-05,1.8329582e-05,0.010908003,9.1657173e-05,0.14614786,0.0066877757
20180322-133646-1.jpg,8,8,0.0020071138,0.00015909709,0.0010906209,0.079552762,0.27832976,0.00085078221,0.00038517933,0.0040947306,0.63352996
20170727-154914-1.jpg,4,4,0.001754541,2.8873455e-05,0.013151412,0.0050653452,0.955715,0.00012041707,4.3758944e-05,0.0022389416,0.021881633
20180119-114516-1.jpg,8,8,4.2197335e-06,1.6091e-06,3.2935404e-05,4.7814251e-06,3.1009455e-05,4.2868064e-06,0.00096593803,1.3690784e-06,0.99895394
20170210-133817-0.jpg,0,0,0.7350803,0.0042309742,9.624988e-07,1.6813778e-05,8.486532e-07,0.02243516,0.0020029105,0.067453086,0.16877891
20170920-180555-1.jpg,2,4,0.0013324935,5.8218717e-05,0.35689649,0.00057819259,0.55914658,0.001189717,0.0011287521,0.00076320407,0.078906417
20170718-094738-2.jpg,0,8,0.069755144,0.05373802,0.0017979685,0.10554218,0.03270185,0.037204046,0.0026389363,0.17138381,0.52523804
20170127-102832-0.jpg,1,1,0.00057091448,0.99734336,1.256452e-06,4.1751988e-05,8.9208106e-07,1.4179857e-05,0.00060670654,0.00046320586,0.00095765089
20180105-100301-3.jpg,8,8,5.2742515e-05,3.8113405e-05,5.130926e-05,9.3914103e-05,0.00015546435,6.6019376e-05,0.0080554653,5.372976e-05,0.99143326
20171220-092636-2.jpg,8,8,0.0060870163,0.013797664,0.00050067017,0.016037848,0.004662849,0.057971735,0.0017210342,0.011274489,0.88794678
20170210-131005-0.jpg,7,7,0.07189066,0.018004943,0.0033942522,0.062095981,0.022601189,0.0014613116,0.01521187,0.42503077,0.38030902
20180125-101917-1.jpg,8,8,4.9531522e-05,1.2980564e-05,3.5344779e-05,0.00041773877,7.1900235e-05,6.0410755e-05,0.00046879429,1.3118603e-05,0.99887019
20180322-120923-2.jpg,8,8,0.0018010893,0.0017495456,7.3201013e-06,0.0016083573,0.00019509635,0.00086689804,4.8628852e-05,0.001367075,0.99235606
20170728-152036-1.jpg,4,4,0.00052894681,1.2172512e-05,0.085246511,0.00068330235,0.81767881,5.7617963e-05,0.00032008687,0.00064543553,0.094827071
20180109-100914-1.jpg,8,8,0.00044557187,5.6154709e-05,4.7691501e-06,3.2492539e-05,0.00014219823,0.00010883944,0.012177948,0.00057760353,0.98645431
20171025-090914-2.jpg,3,3,0.092424959,0.023001596,0.01730947,0.49876431,0.089783579,0.00078366685,0.0034114106,0.207679,0.066842102
20171219-113248-3.jpg,8,8,0.0017169242,0.00030278531,0.012061445,0.0005559912,0.02893389,6.5864842e-05,0.0023327887,0.0070029432,0.94702756
20180322-111238-2.jpg,8,8,0.0012059336,0.00022895983,7.1486793e-05,0.0011749006,0.00092264212,4.5685752e-05,5.5514542e-05,0.0010843698,0.99521047
20170913-102722-2.jpg,3,8,0.00028548189,7.8947261e-05,0.0002254758,0.2603178,0.012303061,0.017121438,0.00030047473,0.00014806284,0.70921922
20171102-123636-2.jpg,2,8,0.0039580031,0.00011822505,0.15579158,0.30142757,0.12523226,4.7782869e-05,0.00067068281,0.0049956343,0.40775824
20180112-093104-2.jpg,8,8,0.0041121487,4.0229148e-05,6.0789229e-05,3.6810594e-05,5.9535512e-05,0.0014509425,0.00014804171,0.00015406092,0.99393737
20170920-113351-3.jpg,2,2,1.6755156e-06,3.7719403e-07,0.99972564,7.5344119e-06,0.00020613795,3.9378888e-06,6.4095443e-06,7.4892046e-07,4.7495858e-05
20180322-104542-1.jpg,8,8,0.0022917246,0.00021195087,2.382379e-05,0.021950368,0.074630976,3.6363057e-05,4.3251994e-06,0.0028270588,0.89802337
20171220-100938-1.jpg,8,8,4.9703933e-05,3.863452e-05,2.9089048e-08,0.00015037441,7.069994e-07,7.5974705e-05,3.4272234e-06,8.0259942e-06,0.99967313
20180112-101658-1.jpg,8,8,0.00014842037,5.5767305e-05,3.6144847e-06,3.1373089e-05,8.778663e-06,0.00029001659,0.0010520502,0.00031733053,0.99809271
20170304-123600-0.jpg,7,0,0.65044427,0.040005598,5.4230541e-06,0.0001013721,1.4196611e-05,0.0053602704,0.00052938436,0.29715508,0.006384383
20170714-143606-2.jpg,1,1,0.0027489779,0.95942128,7.5156777e-06,0.00034032229,2.2994112e-05,2.9042454e-05,0.010714591,0.017375078,0.0093401885
20180322-103910-1.jpg,8,8,0.0016291862,0.0032475223,8.8664447e-06,0.041985001,0.033491012,5.9970858e-05,5.8469977e-06,0.00083412178,0.91873848
20180125-134424-3.jpg,8,8,0.022829749,0.051941514,0.00024490376,0.010783275,0.0082626166,0.0005038674,0.0017666869,0.048604053,0.8550635
20180125-094943-2.jpg,8,8,0.00010629555,1.3519983e-05,0.00035714926,0.00017210528,0.0014268786,0.0022246332,0.0047504618,2.6463673e-05,0.99092251
20180105-095839-2.jpg,8,6,5.9250971e-05,0.00043343255,1.1443294e-06,3.618447e-06,1.7833606e-06,2.3415705e-05,0.99572527,0.0003233983,0.0034286373
20171113-133241-3.jpg,6,6,0.00084126415,0.0055310451,0.0020269563,0.00023022648,0.00058254827,0.00031969132,0.92458659,0.0018426648,0.06403897
20170210-132630-0.jpg,0,0,0.61875808,0.017281344,8.1315906e-05,0.00026958022,0.00012877196,0.0027807145,0.048762891,0.16009745,0.15183981
20180322-112703-2.jpg,8,8,0.0028714486,0.0051818518,2.413505e-05,0.0093734665,0.013410409,3.33924e-05,2.7241324e-05,0.0018726278,0.96720558
20180125-133446-2.jpg,8,8,0.0016240232,0.0017535822,0.0003243479,0.004799441,0.0026697109,0.00020445482,0.0018364926,0.0029489,0.98383892
20171113-124152-3.jpg,6,6,0.00016911858,0.0049136002,0.00032258552,8.6006599e-05,8.8570101e-05,0.00050059031,0.83396566,0.00068434264,0.15926945
20171219-094215-2.jpg,8,8,0.0003092986,0.00025036494,7.9102929e-06,0.00049258495,0.00014622945,0.001252301,7.8837489e-05,0.00012134622,0.99734098
20171025-082439-1.jpg,0,0,0.75201172,0.00040136656,6.3297957e-05,0.00015941933,0.00068924442,0.00034616972,1.3095049e-05,0.022446254,0.22386953
20170210-134107-0.jpg,0,1,0.25892189,0.37839991,3.1895015e-05,0.00081994,1.2434539e-05,0.018522866,0.0038853367,0.22253543,0.11687033
20180322-114119-1.jpg,8,8,0.00083212985,0.0003920765,0.00017055839,0.0023778002,0.0017658601,0.0032736373,0.00069049402,0.00032439746,0.99017298
20171025-090234-2.jpg,3,3,3.3806904e-05,9.3043937e-08,3.0512022e-06,0.99984086,9.4313385e-05,4.8324793e-09,4.1938408e-09,3.3625602e-06,2.4609408e-05
20170920-163540-3.jpg,2,2,0.00044087684,1.0720068e-05,0.90177947,0.0035361119,0.090477318,9.4184812e-05,0.00018505147,0.00068657822,0.0027896634
20170727-111940-1.jpg,4,4,0.0011870582,3.9526018e-05,0.010483562,0.00062191702,0.91620296,0.0078794295,0.00056227844,0.00018243978,0.062840797
20171113-120812-3.jpg,6,8,0.00025728924,0.0006619643,0.00022512396,0.00033214386,0.00097687379,0.00038004291,0.082066797,0.00035550707,0.91474432
20170210-141939-0.jpg,7,7,0.010058378,0.010740295,7.9569298e-05,0.00045668345,9.748718e-05,0.0013486843,0.0018041892,0.92790437,0.047510341
20161207-111159-0.jpg,0,0,0.65397763,0.26673368,4.3050681e-05,7.9606405e-05,5.3779131e-05,0.010608753,0.023756454,0.012127778,0.032619279
20170217-114849-0.jpg,7,7,0.060943071,0.0098173423,0.00023018548,0.00036083107,8.093474e-05,0.017011156,0.03449776,0.81161994,0.065438829
20170410-154812-0.jpg,0,7,0.086667225,0.025301915,0.00013561235,0.001630777,0.0004680226,0.0064070416,0.0006093292,0.71303195,0.16574807
20180112-102111-2.jpg,8,8,6.2680929e-06,7.4898294e-06,3.4180339e-05,8.6933062e-07,2.6878868e-06,1.2834929e-06,0.00042835929,1.8609269e-06,0.99951684
20171102-122956-3.jpg,2,2,7.4858058e-06,4.2701022e-06,0.99971181,6.0989638e-05,3.3336004e-05,5.5279237e-05,2.0471058e-05,1.7303986e-06,0.00010441399
20170729-093352-2.jpg,4,4,0.00021618151,3.4048935e-06,0.00068730843,0.0013985789,0.98806679,0.00018761729,5.7264451e-06,7.1562921e-05,0.0093627488
20171109-093358-1.jpg,5,5,0.00015581351,0.0005482774,7.4604588e-07,2.7140239e-05,1.3973814e-06,0.99045837,0.0032890232,0.00025298606,0.0052661924
20170714-120638-2.jpg,1,6,0.0056240205,0.11798311,0.00025340478,0.0033052878,0.0011988165,0.001065165,0.50757337,0.1299302,0.2330666
20171212-100306-1.jpg,8,8,0.0014037846,0.0062267832,2.3314396e-06,0.012319639,9.4020179e-05,0.00063107326,0.00013010544,0.0018557032,0.97733647
20171218-112712-3.jpg,8,8,4.9185288e-05,0.0013566185,2.9360608e-05,0.00031239472,4.0769541e-05,0.00048646098,0.00039752433,6.1716128e-05,0.99726593
20180119-111418-1.jpg,8,8,0.00033802795,0.0015400238,5.225839e-05,0.0012171078,0.00046130386,0.00021189167,0.0058841598,0.00023141084,0.99006385
20170718-100224-2.jpg,0,4,0.009934444,0.00066285802,0.0062541827,0.25856593,0.5786314,0.013051247,0.00068416295,0.0038778163,0.12833795
20180119-114953-1.jpg,8,8,0.0054958342,0.0051883054,0.0012966804,0.0022799941,0.0033875518,0.0026478048,0.060542844,0.036562707,0.88259834
20171113-144510-3.jpg,6,6,0.00025789381,0.0017672653,4.7350291e-05,7.1559632e-05,2.7020376e-05,0.0026716485,0.95507127,0.00094091904,0.039145119
20180109-070147-1.jpg,8,8,8.7464025e-05,3.2940261e-05,0.00055471138,0.0001161074,0.00085480674,0.00018441062,0.0052605695,5.2096624e-05,0.99285698
20170714-111155-1.jpg,1,8,0.017765533,0.17609015,0.00028388647,0.068648867,0.010532078,0.0013838552,0.062196672,0.10507329,0.55802566
20171109-092528-3.jpg,5,5,0.0003945819,0.0022295024,9.7134534e-07,2.875871e-05,1.4324374e-06,0.94436222,0.022124458,0.00022122831,0.030636819
20180112-075810-2.jpg,8,8,0.092605792,0.037075251,0.014478734,0.017519461,0.037966315,0.0035515281,0.00087256834,0.31327844,0.48265186
20180125-101713-1.jpg,8,8,0.00065589341,8.6187152e-05,0.0013508904,0.001344832,0.0043740137,0.0026813049,0.022998042,0.00018622357,0.9663226
20170920-120035-2.jpg,2,2,3.4506334e-06,5.0066348e-07,0.99878973,4.978318e-06,0.0008381182,9.7884331e-06,2.110003e-05,2.0551079e-06,0.00033038782
20170129-104023-0.jpg,8,8,0.034649201,0.019531021,3.3283384e-05,0.0058859624,0.00022127524,0.013595138,0.0036487707,0.072036669,0.85039866
20180105-092141-3.jpg,8,8,0.00018521477,0.00015257802,6.424375e-06,0.00011955731,4.0612707e-05,0.0019098546,0.0035360563,8.0851481e-05,0.99396884
20180109-072910-1.jpg,8,8,1.5853353e-05,4.6042776e-05,3.1787713e-05,2.3658786e-05,7.0780974e-05,0.00021779092,0.019553486,1.1259447e-05,0.98002934
20170410-154238-0.jpg,0,8,0.23560503,0.0058463067,0.00030885739,0.0015438562,0.0047644889,0.0020317996,7.6713695e-05,0.32662311,0.42319983
20170207-142652-0.jpg,7,7,0.25492039,0.018382179,8.0524747e-05,0.0017382676,0.000247583,0.0071250033,5.8264748e-05,0.43600178,0.28144613
20171220-095051-2.jpg,8,8,0.00020100577,0.0010446371,1.5329938e-06,0.00040615181,4.3583264e-06,0.020261031,0.0117772,0.0001464278,0.96615779
20180322-113737-2.jpg,8,8,0.00017948657,0.00016129891,1.9956051e-06,0.00011315229,9.7943361e-05,1.6307557e-05,7.1015704e-05,0.0001053258,0.99925345
20180109-080620-2.jpg,8,8,5.4475488e-05,0.0001717352,0.0048716622,0.00012654086,0.00074212003,9.8576253e-05,0.014143005,3.5200137e-05,0.97975689
20171113-150716-3.jpg,6,6,0.0019855783,0.0014612281,0.00040567282,0.00045266713,0.0003766825,0.0043312041,0.92907673,0.0029131721,0.058997039
20171220-083237-2.jpg,8,8,0.0048212428,0.0032230325,2.2876486e-05,0.018368894,0.027239582,0.00021544038,6.2240739e-05,0.0050537079,0.94099289
20180112-091629-1.jpg,8,8,0.044081956,0.048479464,0.00036424061,0.0056925085,0.033724699,0.00047805341,0.00028493273,0.19073041,0.67616367
20180109-075647-2.jpg,8,8,8.9358306e-05,0.0050115669,0.00016068136,0.00018518879,6.5449603e-05,1.4555229e-05,0.19619666,0.00016668573,0.79810977
20171203-173928-3.jpg,8,8,0.00050132675,0.000845409,7.1915842e-05,0.0025256083,0.0003389632,0.0015520458,0.0014524622,0.0014134665,0.99129885
20171203-164319-3.jpg,8,8,0.00014175344,0.00031148616,5.3449428e-05,0.0057334364,0.0021748214,3.5202938e-05,0.00026764552,0.00047290206,0.9908092
